1	0.836858	4.976e-06
1.01	-0.813304	2.1824e-05
1.02	-0.852443	0.000139424
1.03	-0.968606	0.000341712
1.04	-0.0036736	0.000216432
1.05	0.817381	5.5744e-05
1.06	-0.117786	0.000277312
1.07	0.0310944	0.000299952
1.08	0.762035	5.7728e-05
1.09	0.191542	3.2656e-05
1.1	-0.82824	0.000576688
1.11	0.993261	0.000357472
1.12	-0.142642	0.000524464
1.13	0.052816	5.536e-06
1.14	0.475597	0.000396912
1.15	0.908672	6.224e-06
1.16	-0.169635	0.0001908
1.17	0.739534	0.000485712
1.18	0.952278	0.0002448
1.19	-0.0062368	0.000483312
1.2	0.053952	0.000354672
1.21	-0.84979	0.000465808
1.22	-0.954646	0.000120384
1.23	0.722997	8.112e-06
1.24	0.946837	0.000103696
1.25	0.852992	0.000552256
1.26	-0.0149216	4.4624e-05
1.27	0.8508	0.00051016
1.28	-0.945178	0.000160256
1.29	-0.959187	4.7696e-05
1.3	-0.917078	0.000552928
1.31	-0.22037	0.000173216
1.32	0.767374	4.4e-06
1.33	-0.0288144	0.000218208
1.34	-0.493242	0.000316512
1.35	-0.785456	9.4064e-05
1.36	-0.0406784	0.000428512
1.37	0.0216496	0.000362512
1.38	0.827672	6.0752e-05
1.39	0.408274	0.000385728
1.4	0.088136	1.9776e-05
1.41	-0.22709	0.000411264
1.42	0.890982	0.000394864
1.43	0.844483	0.000235808
1.44	0.673242	0.000130576
1.45	0.96664	0.000132848
1.46	-0.822605	9.9056e-05
1.47	0.908155	0.000218592
1.48	0.683048	8.2352e-05
1.49	0.845883	0.000268144
1.5	0.13331	0.00010592
1.51	-0.957155	2.44e-05
1.52	-0.196048	0.000286992
1.53	-0.732685	5.304e-05
1.54	-0.27397	0.0003428
1.55	-0.0968368	9.7088e-05
1.56	-0.0531456	0.000216064
1.57	0.640147	0.000399376
1.58	-0.707202	7.2704e-05
1.59	-0.622256	0.000146848
1.6	-0.89717	0.000226944
1.61	-0.142528	3.3056e-05
1.62	-0.878163	0.0004792
1.63	-0.889954	0.000546416
1.64	0.356278	2.752e-05
1.65	-0.923674	2.5712e-05
1.66	-0.133091	0.000284064
1.67	-0.721275	1.9568e-05
1.68	-0.0401216	0.00042744
1.69	-0.0659872	0.000241728
1.7	-0.706691	0.000441424
1.71	0.780573	0.000307296
1.72	0.0688512	0.000453392
1.73	-0.212933	0.000575712
1.74	0.949741	0.000187296
1.75	-0.621541	0.00062208
1.76	-0.410958	0.00022496
1.77	-0.314397	6.3184e-05
1.78	-0.304082	5.7312e-05
1.79	-0.59408	0.000284528
1.8	0.249056	0.000123744
1.81	-0.697557	0.000704192
1.82	0.883858	8.9552e-05
1.83	0.77507	4.6688e-05
1.84	0.929613	0.000167936
1.85	0.934584	0.000567504
1.86	0.555141	0.000289872
1.87	-0.762571	1.6736e-05
1.88	-0.547957	0.000300224
1.89	0.626443	0.000297264
1.9	-0.18797	0.0004448
1.91	-0.931485	9.2128e-05
1.92	0.166627	0.000279872
1.93	-0.79832	0.000317344
1.94	0.67244	0.000544224
1.95	-0.172525	0.000162448
1.96	0.572475	0.000485504
1.97	0.831022	0.000318032
1.98	-0.858018	4.5232e-05
1.99	-0.855389	0.000158672
2	-0.803574	0.000348176
2.01	-0.658624	0.000564096
2.02	-0.207955	0.000366944
2.03	-0.0074016	0.000542592
2.04	0.846915	3.8224e-05
2.05	-0.420795	0.000541504
2.06	0.45367	0.000240592
2.07	-0.0178144	1.8688e-05
2.08	0.541566	2.1104e-05
2.09	-0.273483	0.00038872
2.1	-0.0753072	9.216e-06
2.11	0.109808	7.0688e-05
2.12	0.0872672	0.00010392
2.13	0.11495	0.000236384
2.14	0.602752	0.000134224
2.15	-0.105824	0.00039056
2.16	0.842075	0.000103872
2.17	-0.581206	0.000537696
2.18	0.598182	8.672e-05
2.19	0.687219	0.000421584
2.2	-0.149138	0.000579248
2.21	-0.137544	0.000467392
2.22	-0.764507	0.000251872
2.23	-0.523926	0.000563088
2.24	0.0684912	0.000223488
2.25	-0.508368	0.000295472
2.26	-0.102811	5.304e-05
2.27	-0.465037	0.000105664
2.28	0.172517	2.2464e-05
2.29	0.60827	0.000198512
2.3	-0.485102	0.000210448
2.31	0.487608	0.000269424
2.32	0.351342	0.000451632
2.33	-0.101459	0.000104112
2.34	0.381728	0.000320928
2.35	0.540571	0.000151904
2.36	0.352997	0.000373216
2.37	0.287312	0.000214848
2.38	-0.258654	0.000156144
2.39	-0.305285	4.8576e-05
2.4	0.263005	0.000156048
2.41	-0.0063792	7.8592e-05
2.42	0.243498	0.000129808
2.43	-0.0447968	0.000125904
2.44	0.181845	1.232e-06
2.45	-0.0164256	0.00014968
2.46	-0.111005	0.000129744
2.47	0.0314432	8.3616e-05
2.48	0.0556016	0.000138688
2.49	0.0254112	9.9552e-05
2.5	0.0095136	2.6784e-05
2.51	0.0244832	5.6208e-05
2.52	0.060984	0.000157248
2.53	0.0761584	0.0001304
2.54	0.0817872	4.024e-05
2.55	-0.118381	3.4544e-05
2.56	-0.040848	6.2352e-05
2.57	-0.026688	0.000112096
2.58	0.0365568	5.7472e-05
2.59	0.0012592	8.3696e-05
2.6	-0.0180848	0.00013624
2.61	-0.0260832	4.4752e-05
2.62	-0.0981584	5.2e-06
2.63	0.0624016	0.000110208
2.64	0.0352336	9.568e-06
2.65	0.0508448	7.648e-05
2.66	-4.32e-05	0.000159824
2.67	-0.0077632	1.8208e-05
2.68	-0.0563872	5.104e-06
2.69	-0.0741744	7.0496e-05
2.7	0.041888	0.000105856
2.71	-0.0032736	4.3936e-05
2.72	0.0139456	5.7968e-05
2.73	-0.0299488	4.2944e-05
2.74	-0.0145808	3.6944e-05
2.75	-0.0433824	0.00011152
2.76	0.0472224	6.5104e-05
2.77	0.0476176	5.2848e-05
2.78	0.0102512	4.1776e-05
2.79	0.0061696	6.8032e-05
2.8	-0.0169952	6.52e-05
2.81	0.01204	5.28e-07
2.82	-0.0038432	4.8624e-05
2.83	-0.0131456	7.6896e-05
2.84	-0.025096	5.9728e-05
2.85	0.0002112	3.688e-05
2.86	-0.0056272	1.6528e-05
2.87	6.08e-05	2.52e-05
2.88	-0.005656	2.6112e-05
2.89	-0.0156512	7.912e-05
2.9	-0.0236288	7.2784e-05
2.91	0.0032848	2.0336e-05
2.92	-0.0264256	3.1792e-05
2.93	0.0009584	7.2e-05
2.94	0.0072176	0.000107536
2.95	-0.0167712	1.4512e-05
2.96	-0.01488	2.8368e-05
2.97	0.0169872	4.76e-05
2.98	-0.010904	8.136e-05
2.99	0.0136336	5.3312e-05
3	-0.0057216	1.2224e-05
3.01	-0.0268304	2.0816e-05
3.02	0.00652	3.8752e-05
3.03	-0.01388	6.2944e-05
3.04	-0.01732	7.9712e-05
3.05	0.0146064	5.552e-06
3.06	0.0106816	2.8064e-05
3.07	-0.0120432	6.1296e-05
3.08	-0.0142896	4.0512e-05
3.09	0.0088704	5.4064e-05
3.1	-0.0077952	2.3376e-05
3.11	-0.0079296	1.8224e-05
3.12	0.0038816	1.92e-05
3.13	-0.00496	5.9952e-05
3.14	-0.007856	5.9072e-05
3.15	8.8e-05	3.824e-05
3.16	-0.0063904	2.384e-05
3.17	0.020672	4.9008e-05
3.18	-0.0083632	2.1824e-05
3.19	0.0168704	9.792e-06
3.2	-0.0178496	3.448e-05
3.21	-0.023176	4.4032e-05
3.22	0.016664	2.2e-05
3.23	-0.0022816	2.0736e-05
3.24	0.0070368	5.1072e-05
3.25	-0.0034176	4.9552e-05
3.26	-0.0035408	1.7232e-05
3.27	0.0011072	3.7312e-05
3.28	-0.0038112	6.256e-05
3.29	0.0015952	1.5056e-05
3.3	-0.0052784	3.2784e-05
3.31	0.0017008	3.7408e-05
3.32	0.006656	6.96e-06
3.33	0.006472	3.1712e-05
3.34	-0.0002528	2.9984e-05
3.35	8.16e-05	1.0816e-05
3.36	0.0033936	2.1008e-05
3.37	0.0056336	2.888e-05
3.38	0.0068368	2.8192e-05
3.39	-0.0058192	5.2336e-05
3.4	-0.0099952	2.0096e-05
3.41	0.0009216	8.72e-06
3.42	0.0009552	5.2464e-05
3.43	0.0147776	4.1168e-05
3.44	-0.012712	2.16e-05
3.45	0.0154768	5.84e-06
3.46	-0.001488	6.944e-06
3.47	0.0022384	3.4064e-05
3.48	0.0075952	1.648e-06
3.49	-0.002344	6.784e-06
3.5	0.00264	5.4688e-05
3.51	0.0117216	3.96e-05
3.52	0.0020624	1.6912e-05
3.53	-0.006424	5.3952e-05
3.54	-0.0037888	2.784e-05
3.55	0.0020608	8.176e-06
3.56	-0.0052064	2.2064e-05
3.57	0.0080608	3.6752e-05
3.58	0.0022528	2.4672e-05
3.59	0.0019664	2.5152e-05
3.6	0.004832	2.6608e-05
3.61	-0.003104	2.528e-06
3.62	-0.0087536	1.0672e-05
3.63	0.003592	3.7856e-05
3.64	-0.0100128	3.6272e-05
3.65	-0.0139472	1.36e-06
3.66	-0.0039616	4.2416e-05
3.67	-0.00588	2.1312e-05
3.68	0.0026576	6.992e-06
3.69	0.00612	2.6832e-05
3.7	0.0050912	4.8144e-05
3.71	0.0068944	1.28e-06
3.72	-0.0067248	1.3344e-05
3.73	0.0096256	4.0752e-05
3.74	-0.0017328	3.52e-05
3.75	0.003928	1.9824e-05
3.76	0.0023952	5.264e-06
3.77	0.0050096	8.784e-06
3.78	-0.005328	3.2928e-05
3.79	-0.0033648	3.7504e-05
3.8	-0.0134704	2.9312e-05
3.81	0.0019504	8.96e-06
3.82	0.000904	8e-06
3.83	-0.005688	2.6448e-05
3.84	-0.013096	1.0192e-05
3.85	-0.0007584	4.0624e-05
3.86	-0.00372	2.2048e-05
3.87	0.007512	4.096e-06
3.88	-0.0037232	6.864e-06
3.89	-0.002552	1.1936e-05
3.9	0.0084672	3.4992e-05
3.91	0.0048128	5.6048e-05
3.92	-0.0149696	2.2288e-05
3.93	0.004552	1.928e-05
3.94	-0.0026128	2.3872e-05
3.95	-0.001536	1.008e-06
3.96	-0.0078432	7.264e-06
3.97	-0.0116224	3.2176e-05
3.98	0.0056944	2.1424e-05
3.99	0.0006816	7.84e-06
4	-0.0018512	1.488e-06
4.01	0.0016768	2.368e-05
4.02	0.0046784	2.6032e-05
4.03	0.0026768	9.104e-06
4.04	0.0058096	2.5808e-05
4.05	0.00892	4.488e-05
4.06	-0.0014304	1.7872e-05
4.07	-0.0029904	2.1744e-05
4.08	-0.0070448	5.184e-06
4.09	-0.0037072	2.0672e-05
4.1	-0.0023936	9.856e-06
4.11	-0.0005488	4.96e-05
4.12	0.0020464	3.3904e-05
4.13	-0.0016032	1.92e-07
4.14	0.0062432	2.1344e-05
4.15	-0.0056608	4.32e-07
4.16	0.0042864	8e-06
4.17	-0.0034128	3.2848e-05
4.18	-0.0037248	2.1936e-05
4.19	0.0052736	1.48e-05
4.2	-0.0012128	2.5104e-05
4.21	-0.0068128	2.2368e-05
4.22	-0.0089648	1.1136e-05
4.23	-0.003256	3.312e-06
4.24	-0.0009008	3.824e-06
4.25	-0.0001264	3.304e-05
4.26	-0.002312	2.2672e-05
4.27	0.0047872	8.336e-06
4.28	-0.0031856	1.4368e-05
4.29	-0.0021728	4.64e-05
4.3	0.0020688	5.76e-06
4.31	0.0066672	8.56e-06
4.32	-0.001208	5.28e-07
4.33	-0.0045424	8.656e-06
4.34	-0.0018064	3.432e-05
4.35	-0.0001072	2.112e-06
4.36	-0.0016512	5.28e-06
4.37	-0.0063952	2.0448e-05
4.38	-0.0009872	2.8576e-05
4.39	0.0035264	1.8128e-05
4.4	-0.0003744	1.744e-05
4.41	0.0032384	7.952e-06
4.42	-0.0014624	1.1856e-05
4.43	0.0014352	1.872e-05
4.44	0.00216	2.4976e-05
4.45	0.0057824	6.112e-06
4.46	-0.0028208	2.608e-06
4.47	0.0009568	1.5088e-05
4.48	0.0061984	4e-05
4.49	0.0017328	4.4688e-05
4.5	-0.002576	1.3472e-05
4.51	-0.0008464	1.4096e-05
4.52	-0.002432	2.0336e-05
4.53	0.002576	2.272e-06
4.54	-0.0044512	1.408e-05
4.55	-0.0008656	8.752e-06
4.56	-0.000488	6.88e-06
4.57	-0.0054544	4.976e-06
4.58	-0.0031312	1.968e-05
4.59	-0.0071648	3.6528e-05
4.6	-0.0092992	1.1104e-05
4.61	-0.0021744	3.168e-06
4.62	-0.0004656	8.144e-06
4.63	-0.0022672	2.7424e-05
4.64	-0.0030816	2.0736e-05
4.65	-0.000688	2.0528e-05
4.66	0.006568	2.24e-06
4.67	-0.0068576	1.5808e-05
4.68	0.0006272	7.136e-06
4.69	0.0014736	2.4992e-05
4.7	-0.0001168	2.3632e-05
4.71	0.000224	8.592e-06
4.72	0.0049072	1.5488e-05
4.73	-0.0024672	1.1696e-05
4.74	-0.0058992	5.952e-06
4.75	-0.000152	1.6688e-05
4.76	-0.0018272	4.064e-06
4.77	0.0106848	7.952e-06
4.78	0.0024672	8.912e-06
4.79	-0.0027328	3.744e-06
4.8	-0.0004432	2.7648e-05
4.81	-0.0055312	1.7168e-05
4.82	-0.000768	8.32e-07
4.83	-0.003072	1.4048e-05
4.84	-0.0027008	7.52e-06
4.85	0.0007856	1.4288e-05
4.86	0.00204	1.896e-05
4.87	0.0077216	1.28e-05
4.88	0.00744	1.4128e-05
4.89	0.0011728	3.744e-06
4.9	0.0026656	1.9808e-05
4.91	0.0023424	5.76e-07
4.92	0.0039824	2.064e-06
4.93	0.0022256	1.0928e-05
4.94	0.0039472	1.1616e-05
4.95	0.0036928	2.2352e-05
4.96	-0.001632	1.856e-05
4.97	0.0005872	1.3984e-05
4.98	-0.0019296	6.432e-06
4.99	-0.0004256	1.696e-05
5	-0.0055664	6.144e-06
5.01	0.0013392	1.968e-06
5.02	-0.0015328	1.6848e-05
5.03	-0.0027696	1.5792e-05
5.04	-0.0051024	2.4832e-05
5.05	-0.0020288	1.088e-06
5.06	0.007256	8e-08
5.07	0.00152	1.3488e-05
5.08	0.0037328	5.616e-06
5.09	0.0021488	1.872e-06
5.1	-0.0033312	1.5456e-05
5.11	0.00116	3.6016e-05
5.12	0.0022736	5.568e-06
5.13	-1.6e-06	1.1728e-05
5.14	0.0037424	2.2784e-05
5.15	0.0002912	3.0704e-05
5.16	0.0005888	3.36e-06
5.17	0.002168	2.0416e-05
5.18	0.0023344	1.7472e-05
5.19	0.0017296	5.92e-06
5.2	0.004744	2.8e-06
5.21	-0.0003776	1.96e-05
5.22	0.0026016	1.632e-05
5.23	-0.0081536	1.6768e-05
5.24	-0.0016992	1.2224e-05
5.25	0.0003488	3.904e-06
5.26	-0.0005232	1.0192e-05
5.27	-0.0006368	1.8432e-05
5.28	-0.002728	3.36e-07
5.29	-0.0006112	3.232e-06
5.3	-0.000848	2.5776e-05
5.31	0.001024	2.9312e-05
5.32	-0.0001296	1.76e-07
5.33	0.0022448	1.1888e-05
5.34	-0.0026832	2.0384e-05
5.35	-0.0017984	1.1296e-05
5.36	-0.0010208	3.696e-05
5.37	0.002384	5.952e-06
5.38	-0.002088	4.496e-06
5.39	-0.0002112	1.6992e-05
5.4	0.0002544	8e-08
5.41	-0.0023488	5.472e-06
5.42	-9.44e-05	1.976e-05
5.43	-0.0035408	2.176e-06
5.44	-0.001512	4.672e-06
5.45	0.0023264	8.336e-06
5.46	0.0009328	3.776e-06
5.47	0.003624	2.904e-05
5.48	-0.0028688	5.52e-06
5.49	-3.52e-05	1.76e-05
5.5	-0.0028816	6.72e-06
5.51	0.000784	2.2752e-05
5.52	-0.00232	2.4e-05
5.53	-0.000824	4.336e-06
5.54	0.0004864	1.1328e-05
5.55	0.0021664	1.9504e-05
5.56	-0.00308	2.7024e-05
5.57	-0.0055744	7.136e-06
5.58	0.0010352	4.08e-06
5.59	0.0020176	2.048e-06
5.6	-0.0032032	1.1584e-05
5.61	0.005	7.68e-06
5.62	-0.00176	2.488e-05
5.63	-0.0023984	1.32e-05
5.64	-0.0021664	1.1296e-05
5.65	-0.0006544	2.7568e-05
5.66	0.0001184	4.48e-06
5.67	0.000448	1.648e-06
5.68	-0.0034512	9.2e-06
5.69	-0.0012352	5.488e-06
5.7	-0.0029824	8.656e-06
5.71	0.0033968	2.944e-06
5.72	-0.0012528	7.36e-06
5.73	0.0023856	1.0912e-05
5.74	0.002232	7.968e-06
5.75	-0.0016976	2.152e-05
5.76	-0.0029952	2.0336e-05
5.77	-0.0028576	1.0576e-05
5.78	0.00188	4.592e-06
5.79	-0.000864	6.64e-06
5.8	0.0040288	8.896e-06
5.81	0.000272	1.4448e-05
5.82	0.0018896	1.7936e-05
5.83	-0.0055376	8.944e-06
5.84	-0.0027264	8.512e-06
5.85	-0.0025392	2.3168e-05
5.86	0.0012576	1.504e-06
5.87	-0.0012688	4.8e-07
5.88	0.0036016	2.08e-06
5.89	-0.0009232	1.0592e-05
5.9	0.0018624	2.4176e-05
5.91	-2.08e-05	3.344e-06
5.92	-0.000648	3.824e-06
5.93	0.0008544	6.016e-06
5.94	0.0027488	7.808e-06
5.95	-0.0017952	1.2672e-05
5.96	-0.0017696	1.424e-05
5.97	0.003752	3.2e-08
5.98	-0.000264	6.64e-06

