  2.0000   0.9078
  2.0100   0.9061
  2.0200   0.9034
  2.0300   0.9000
  2.0400   0.8967
  2.0500   0.8921
  0.8888   2.0600
  0.8860   2.0700
  0.8872   2.0800
  0.8824   2.0900
  0.8692   2.1000
  0.8634   2.1100
  0.8530   2.1200
  0.8502   2.1300
  0.8362   2.1400
  0.8512   2.1500
  0.8144   2.1600
  0.8233   2.1700
  0.8146   2.1800
  0.7992   2.1900
  0.8024   2.2000
  0.7643   2.2100
  0.5485   2.2200
  0.7340   2.2300
  0.7564   2.2400
  0.7150   2.2500
  0.7510   2.2600
  0.6968   2.2700
  0.7080   2.2800
  0.6918   2.2900
  0.6030   2.3000
  0.4867   2.3100
  0.3504   2.3200
  0.4873   2.3300
  0.3012   2.3400
  0.3449   2.3500
  0.1952   2.3600
  0.1869   2.3700
  0.3913   2.3800
  0.0325   2.3900
  0.0804   2.4000
  0.0283   2.4100
  0.0319   2.4200
  0.0960   2.4300
  0.0980   2.4400
  0.1449   2.4500
  0.1473   2.4600
  0.0354   2.4700
  0.0227   2.4800
  0.0026   2.4900
