1 108.612
1 108.658
1 108.701
1 108.476
1 108.515
1 108.553
1 108.588
1 108.623
1 108.656
1 108.687
1 108.717
1 108.746
1 108.774
1 108.8
1 108.826
1 108.851
1 108.875
1 108.898
1 108.921
1 108.942
1 108.963
1 108.984
1 109.004
1 109.023
1 109.042
1 108.797
1 108.815
1 108.833
1 108.851
1 108.868
1.0005 108.964
1.0005 108.983
1.0005 109.003
1.0005 108.757
1.0005 108.776
1.0005 108.794
1.0005 108.812
1.0005 108.83
1.0005 108.847
1.0005 108.864
1.0005 108.88
1.0005 108.897
1.0005 108.913
1.0005 108.929
1.0005 108.944
1.0005 108.96
1.0005 108.975
1.0005 108.99
1.0005 109.005
1.0005 109.019
1.0005 109.034
1.0005 109.048
1.0005 109.062
1.0005 109.076
1.0005 109.09
1.0005 108.841
1.0005 108.855
1.0005 108.869
1.0005 108.882
1.0005 108.896
1.001 109.465
1.001 109.458
1.001 109.452
1.001 109.187
1.001 109.183
1.001 109.179
1.001 109.176
1.001 109.174
1.001 109.173
1.001 109.172
1.001 109.172
1.001 109.172
1.001 109.173
1.001 109.175
1.001 109.177
1.001 109.179
1.001 109.182
1.001 109.186
1.001 109.189
1.001 109.194
1.001 109.198
1.001 109.203
1.001 109.208
1.001 109.214
1.001 109.22
1.001 108.964
1.001 108.97
1.001 108.977
1.001 108.984
1.001 108.991
1.0015 110.034
1.0015 110.005
1.0015 109.977
1.0015 109.698
1.0015 109.673
1.0015 109.651
1.0015 109.629
1.0015 109.609
1.0015 109.591
1.0015 109.573
1.0015 109.557
1.0015 109.543
1.0015 109.529
1.0015 109.516
1.0015 109.505
1.0015 109.494
1.0015 109.484
1.0015 109.476
1.0015 109.468
1.0015 109.461
1.0015 109.454
1.0015 109.449
1.0015 109.444
1.0015 109.44
1.0015 109.436
1.0015 109.174
1.0015 109.171
1.0015 109.17
1.0015 109.168
1.0015 109.168
1.002 110.554
1.002 110.51
1.002 110.467
1.002 110.18
1.002 110.142
1.002 110.106
1.002 110.072
1.002 110.04
1.002 110.009
1.002 109.98
1.002 109.953
1.002 109.928
1.002 109.904
1.002 109.881
1.002 109.859
1.002 109.839
1.002 109.82
1.002 109.802
1.002 109.785
1.002 109.77
1.002 109.755
1.002 109.741
1.002 109.728
1.002 109.716
1.002 109.705
1.002 109.438
1.002 109.428
1.002 109.419
1.002 109.411
1.002 109.403
1.0025 110.964
1.0025 110.911
1.0025 110.861
1.0025 110.571
1.0025 110.526
1.0025 110.483
1.0025 110.443
1.0025 110.404
1.0025 110.368
1.0025 110.334
1.0025 110.301
1.0025 110.27
1.0025 110.241
1.0025 110.213
1.0025 110.186
1.0025 110.161
1.0025 110.137
1.0025 110.115
1.0025 110.093
1.0025 110.073
1.0025 110.054
1.0025 110.035
1.0025 110.018
1.0025 110.002
1.0025 109.986
1.0025 109.717
1.0025 109.703
1.0025 109.69
1.0025 109.678
1.0025 109.666
1.003 111.272
1.003 111.215
1.003 111.163
1.003 110.875
1.003 110.828
1.003 110.783
1.003 110.741
1.003 110.701
1.003 110.664
1.003 110.628
1.003 110.595
1.003 110.562
1.003 110.532
1.003 110.503
1.003 110.476
1.003 110.45
1.003 110.425
1.003 110.401
1.003 110.379
1.003 110.358
1.003 110.337
1.003 110.318
1.003 110.3
1.003 110.282
1.003 110.265
1.003 109.999
1.003 109.984
1.003 109.969
1.003 109.955
1.003 109.942
1.0035 111.509
1.0035 111.454
1.0035 111.402
1.0035 111.12
1.0035 111.074
1.0035 111.031
1.0035 110.99
1.0035 110.952
1.0035 110.916
1.0035 110.883
1.0035 110.851
1.0035 110.821
1.0035 110.792
1.0035 110.765
1.0035 110.739
1.0035 110.715
1.0035 110.692
1.0035 110.67
1.0035 110.649
1.0035 110.629
1.0035 110.61
1.0035 110.592
1.0035 110.575
1.0035 110.559
1.0035 110.544
1.0035 110.282
1.0035 110.268
1.0035 110.255
1.0035 110.242
1.0035 110.23
1.004 111.703
1.004 111.652
1.004 111.604
1.004 111.328
1.004 111.286
1.004 111.247
1.004 111.21
1.004 111.175
1.004 111.143
1.004 111.113
1.004 111.085
1.004 111.058
1.004 111.033
1.004 111.009
1.004 110.987
1.004 110.966
1.004 110.947
1.004 110.928
1.004 110.91
1.004 110.894
1.004 110.878
1.004 110.863
1.004 110.849
1.004 110.836
1.004 110.824
1.004 110.569
1.004 110.557
1.004 110.547
1.004 110.537
1.004 110.527
1.0045 111.873
1.0045 111.826
1.0045 111.783
1.0045 111.515
1.0045 111.478
1.0045 111.444
1.0045 111.412
1.0045 111.382
1.0045 111.355
1.0045 111.329
1.0045 111.305
1.0045 111.283
1.0045 111.263
1.0045 111.244
1.0045 111.226
1.0045 111.209
1.0045 111.194
1.0045 111.179
1.0045 111.166
1.0045 111.153
1.0045 111.142
1.0045 111.131
1.0045 111.121
1.0045 111.112
1.0045 111.103
1.0045 110.856
1.0045 110.848
1.0045 110.842
1.0045 110.835
1.0045 110.83
1.005 112.027
1.005 111.986
1.005 111.949
1.005 111.69
1.005 111.658
1.005 111.629
1.005 111.603
1.005 111.578
1.005 111.556
1.005 111.536
1.005 111.517
1.005 111.5
1.005 111.484
1.005 111.47
1.005 111.456
1.005 111.445
1.005 111.434
1.005 111.424
1.005 111.415
1.005 111.407
1.005 111.399
1.005 111.393
1.005 111.387
1.005 111.382
1.005 111.378
1.005 111.139
1.005 111.135
1.005 111.133
1.005 111.13
1.005 111.128
1.0055 112.172
1.0055 112.137
1.0055 112.106
1.0055 111.855
1.0055 111.829
1.0055 111.806
1.0055 111.785
1.0055 111.766
1.0055 111.749
1.0055 111.734
1.0055 111.72
1.0055 111.708
1.0055 111.697
1.0055 111.687
1.0055 111.679
1.0055 111.671
1.0055 111.665
1.0055 111.66
1.0055 111.655
1.0055 111.651
1.0055 111.648
1.0055 111.645
1.0055 111.644
1.0055 111.642
1.0055 111.642
1.0055 111.411
1.0055 111.411
1.0055 111.412
1.0055 111.414
1.0055 111.415
1.006 112.309
1.006 112.281
1.006 112.256
1.006 112.014
1.006 111.994
1.006 111.976
1.006 111.96
1.006 111.946
1.006 111.934
1.006 111.924
1.006 111.915
1.006 111.907
1.006 111.901
1.006 111.896
1.006 111.891
1.006 111.888
1.006 111.886
1.006 111.884
1.006 111.883
1.006 111.883
1.006 111.883
1.006 111.884
1.006 111.886
1.006 111.888
1.006 111.891
1.006 111.667
1.006 111.671
1.006 111.675
1.006 111.679
1.006 111.684
1.0065 112.442
1.0065 112.419
1.0065 112.4
1.0065 112.166
1.0065 112.151
1.0065 112.139
1.0065 112.128
1.0065 112.119
1.0065 112.111
1.0065 112.105
1.0065 112.101
1.0065 112.097
1.0065 112.095
1.0065 112.093
1.0065 112.092
1.0065 112.093
1.0065 112.093
1.0065 112.095
1.0065 112.097
1.0065 112.1
1.0065 112.103
1.0065 112.107
1.0065 112.112
1.0065 112.116
1.0065 112.121
1.0065 111.904
1.0065 111.91
1.0065 111.916
1.0065 111.923
1.0065 111.929
1.007 112.57
1.007 112.553
1.007 112.539
1.007 112.313
1.007 112.303
1.007 112.295
1.007 112.288
1.007 112.283
1.007 112.28
1.007 112.278
1.007 112.276
1.007 112.276
1.007 112.277
1.007 112.278
1.007 112.281
1.007 112.284
1.007 112.287
1.007 112.291
1.007 112.296
1.007 112.301
1.007 112.306
1.007 112.312
1.007 112.318
1.007 112.325
1.007 112.331
1.007 112.12
1.007 112.128
1.007 112.135
1.007 112.143
1.007 112.151
1.0075 112.695
1.0075 112.683
1.0075 112.673
1.0075 112.454
1.0075 112.448
1.0075 112.444
1.0075 112.441
1.0075 112.439
1.0075 112.439
1.0075 112.44
1.0075 112.441
1.0075 112.444
1.0075 112.447
1.0075 112.451
1.0075 112.455
1.0075 112.46
1.0075 112.466
1.0075 112.471
1.0075 112.478
1.0075 112.484
1.0075 112.491
1.0075 112.498
1.0075 112.506
1.0075 112.513
1.0075 112.521
1.0075 112.315
1.0075 112.323
1.0075 112.332
1.0075 112.34
1.0075 112.349
1.008 112.816
1.008 112.807
1.008 112.801
1.008 112.589
1.008 112.586
1.008 112.585
1.008 112.585
1.008 112.586
1.008 112.588
1.008 112.591
1.008 112.595
1.008 112.599
1.008 112.604
1.008 112.61
1.008 112.616
1.008 112.622
1.008 112.629
1.008 112.636
1.008 112.643
1.008 112.651
1.008 112.659
1.008 112.667
1.008 112.675
1.008 112.683
1.008 112.691
1.008 112.49
1.008 112.499
1.008 112.507
1.008 112.516
1.008 112.525
1.0085 112.931
1.0085 112.926
1.0085 112.923
1.0085 112.717
1.0085 112.716
1.0085 112.717
1.0085 112.72
1.0085 112.723
1.0085 112.727
1.0085 112.731
1.0085 112.737
1.0085 112.742
1.0085 112.749
1.0085 112.755
1.0085 112.762
1.0085 112.77
1.0085 112.777
1.0085 112.785
1.0085 112.793
1.0085 112.801
1.0085 112.81
1.0085 112.818
1.0085 112.827
1.0085 112.835
1.0085 112.844
1.0085 112.646
1.0085 112.655
1.0085 112.664
1.0085 112.673
1.0085 112.682
1.009 113.04
1.009 113.037
1.009 113.037
1.009 112.836
1.009 112.838
1.009 112.841
1.009 112.844
1.009 112.849
1.009 112.854
1.009 112.86
1.009 112.867
1.009 112.873
1.009 112.881
1.009 112.888
1.009 112.896
1.009 112.904
1.009 112.912
1.009 112.92
1.009 112.928
1.009 112.937
1.009 112.945
1.009 112.954
1.009 112.963
1.009 112.971
1.009 112.98
1.009 112.786
1.009 112.795
1.009 112.804
1.009 112.813
1.009 112.822
1.0095 113.141
1.0095 113.141
1.0095 113.142
1.0095 112.946
1.0095 112.95
1.0095 112.954
1.0095 112.959
1.0095 112.965
1.0095 112.971
1.0095 112.978
1.0095 112.985
1.0095 112.993
1.0095 113
1.0095 113.008
1.0095 113.016
1.0095 113.025
1.0095 113.033
1.0095 113.041
1.0095 113.05
1.0095 113.059
1.0095 113.067
1.0095 113.076
1.0095 113.085
1.0095 113.094
1.0095 113.102
1.0095 112.911
1.0095 112.92
1.0095 112.929
1.0095 112.938
1.0095 112.947
1.01 113.235
1.01 113.237
1.01 113.24
1.01 113.048
1.01 113.053
1.01 113.058
1.01 113.064
1.01 113.071
1.01 113.078
1.01 113.085
1.01 113.093
1.01 113.101
1.01 113.109
1.01 113.117
1.01 113.126
1.01 113.134
1.01 113.142
1.01 113.151
1.01 113.16
1.01 113.168
1.01 113.177
1.01 113.186
1.01 113.195
1.01 113.203
1.01 113.212
1.01 113.024
1.01 113.033
1.01 113.042
1.01 113.051
1.01 113.06
1.0105 113.32
1.0105 113.324
1.0105 113.329
1.0105 113.141
1.0105 113.147
1.0105 113.153
1.0105 113.16
1.0105 113.168
1.0105 113.175
1.0105 113.183
1.0105 113.191
1.0105 113.199
1.0105 113.208
1.0105 113.216
1.0105 113.225
1.0105 113.233
1.0105 113.242
1.0105 113.25
1.0105 113.259
1.0105 113.267
1.0105 113.276
1.0105 113.285
1.0105 113.294
1.0105 113.302
1.0105 113.311
1.0105 113.126
1.0105 113.135
1.0105 113.143
1.0105 113.152
1.0105 113.161
1.011 113.398
1.011 113.403
1.011 113.41
1.011 113.226
1.011 113.233
1.011 113.24
1.011 113.248
1.011 113.256
1.011 113.264
1.011 113.272
1.011 113.28
1.011 113.289
1.011 113.297
1.011 113.306
1.011 113.314
1.011 113.323
1.011 113.331
1.011 113.34
1.011 113.348
1.011 113.357
1.011 113.366
1.011 113.374
1.011 113.383
1.011 113.391
1.011 113.4
1.011 113.218
1.011 113.226
1.011 113.235
1.011 113.244
1.011 113.252
1.0115 113.464
1.0115 113.473
1.0115 113.481
1.0115 113.301
1.0115 113.31
1.0115 113.318
1.0115 113.327
1.0115 113.336
1.0115 113.344
1.0115 113.353
1.0115 113.361
1.0115 113.37
1.0115 113.378
1.0115 113.387
1.0115 113.396
1.0115 113.404
1.0115 113.413
1.0115 113.421
1.0115 113.43
1.0115 113.438
1.0115 113.447
1.0115 113.455
1.0115 113.464
1.0115 113.472
1.0115 113.481
1.0115 113.301
1.0115 113.309
1.0115 113.318
1.0115 113.327
1.0115 113.335
1.012 113.508
1.012 113.523
1.012 113.537
1.012 113.363
1.012 113.375
1.012 113.386
1.012 113.396
1.012 113.406
1.012 113.415
1.012 113.425
1.012 113.434
1.012 113.443
1.012 113.452
1.012 113.46
1.012 113.469
1.012 113.478
1.012 113.486
1.012 113.495
1.012 113.503
1.012 113.512
1.012 113.52
1.012 113.529
1.012 113.537
1.012 113.545
1.012 113.554
1.012 113.376
1.012 113.385
1.012 113.393
1.012 113.402
1.012 113.41
1.0125 113.391
1.0125 113.451
1.0125 113.498
1.0125 113.348
1.0125 113.381
1.0125 113.407
1.0125 113.429
1.0125 113.448
1.0125 113.464
1.0125 113.478
1.0125 113.491
1.0125 113.502
1.0125 113.513
1.0125 113.523
1.0125 113.533
1.0125 113.542
1.0125 113.551
1.0125 113.56
1.0125 113.569
1.0125 113.578
1.0125 113.586
1.0125 113.595
1.0125 113.603
1.0125 113.611
1.0125 113.62
1.0125 113.445
1.0125 113.453
1.0125 113.462
1.0125 113.47
1.0125 113.478
1.013 106.143
1.013 105.832
1.013 105.482
1.013 104.791
1.013 104.358
1.013 103.888
1.013 103.384
1.013 102.852
1.013 102.305
1.013 101.756
1.013 101.219
1.013 100.711
1.013 100.244
1.013 99.8309
1.013 99.4755
1.013 99.1794
1.013 98.9397
1.013 98.7506
1.013 98.6052
1.013 98.4959
1.013 98.4158
1.013 98.3587
1.013 98.3194
1.013 98.2938
1.013 98.2785
1.013 97.9397
1.013 97.938
1.013 97.9407
1.013 97.9466
1.013 97.9549
1.0135 98.2499
1.0135 98.1403
1.0135 98.0621
1.0135 97.6759
1.0135 97.64
1.0135 97.6177
1.0135 97.6056
1.0135 97.601
1.0135 97.6018
1.0135 97.6065
1.0135 97.6141
1.0135 97.6238
1.0135 97.635
1.0135 97.6472
1.0135 97.6603
1.0135 97.6739
1.0135 97.6879
1.0135 97.7023
1.0135 97.7168
1.0135 97.7315
1.0135 97.7463
1.0135 97.7611
1.0135 97.7761
1.0135 97.791
1.0135 97.806
1.0135 97.4884
1.0135 97.5034
1.0135 97.5185
1.0135 97.5336
1.0135 97.5487
1.014 97.4632
1.014 97.4589
1.014 97.4602
1.014 97.1319
1.014 97.1401
1.014 97.1504
1.014 97.1621
1.014 97.1748
1.014 97.1882
1.014 97.2022
1.014 97.2164
1.014 97.231
1.014 97.2457
1.014 97.2605
1.014 97.2755
1.014 97.2905
1.014 97.3055
1.014 97.3205
1.014 97.3356
1.014 97.3507
1.014 97.3658
1.014 97.3809
1.014 97.396
1.014 97.4111
1.014 97.4263
1.014 97.1076
1.014 97.1228
1.014 97.1379
1.014 97.1531
1.014 97.1682
1.0145 97.0354
1.0145 97.0469
1.0145 97.0595
1.0145 96.7381
1.0145 96.7521
1.0145 96.7665
1.0145 96.7811
1.0145 96.7959
1.0145 96.8108
1.0145 96.8258
1.0145 96.8409
1.0145 96.856
1.0145 96.8711
1.0145 96.8862
1.0145 96.9014
1.0145 96.9166
1.0145 96.9317
1.0145 96.9469
1.0145 96.9621
1.0145 96.9772
1.0145 96.9924
1.0145 97.0076
1.0145 97.0228
1.0145 97.0379
1.0145 97.0531
1.0145 96.7334
1.0145 96.7486
1.0145 96.7638
1.0145 96.779
1.0145 96.7942
1.015 96.6571
1.015 96.6721
1.015 96.6871
1.015 96.3664
1.015 96.3816
1.015 96.3967
1.015 96.4119
1.015 96.4272
1.015 96.4424
1.015 96.4576
1.015 96.4728
1.015 96.4881
1.015 96.5033
1.015 96.5185
1.015 96.5337
1.015 96.549
1.015 96.5642
1.015 96.5794
1.015 96.5946
1.015 96.6099
1.015 96.6251
1.015 96.6403
1.015 96.6555
1.015 96.6707
1.015 96.6859
1.015 96.3654
1.015 96.3806
1.015 96.3959
1.015 96.4111
1.015 96.4263
1.0155 96.2934
1.0155 96.3091
1.0155 96.3246
1.0155 96.0034
1.0155 96.0188
1.0155 96.0342
1.0155 96.0495
1.0155 96.0648
1.0155 96.0801
1.0155 96.0954
1.0155 96.1107
1.0155 96.126
1.0155 96.1413
1.0155 96.1566
1.0155 96.1718
1.0155 96.1871
1.0155 96.2024
1.0155 96.2176
1.0155 96.2329
1.0155 96.2482
1.0155 96.2634
1.0155 96.2787
1.0155 96.2939
1.0155 96.3092
1.0155 96.3245
1.0155 96.003
1.0155 96.0183
1.0155 96.0336
1.0155 96.0489
1.0155 96.0641
1.016 95.9371
1.016 95.9529
1.016 95.9685
1.016 95.6464
1.016 95.6619
1.016 95.6773
1.016 95.6927
1.016 95.708
1.016 95.7234
1.016 95.7387
1.016 95.754
1.016 95.7694
1.016 95.7847
1.016 95.8
1.016 95.8153
1.016 95.8306
1.016 95.8459
1.016 95.8612
1.016 95.8765
1.016 95.8918
1.016 95.9071
1.016 95.9224
1.016 95.9377
1.016 95.953
1.016 95.9683
1.016 95.646
1.016 95.6614
1.016 95.6767
1.016 95.692
1.016 95.7073
1.0165 95.5865
1.0165 95.6021
1.0165 95.6177
1.0165 95.2947
1.0165 95.3102
1.0165 95.3256
1.0165 95.341
1.0165 95.3564
1.0165 95.3717
1.0165 95.3871
1.0165 95.4024
1.0165 95.4178
1.0165 95.4331
1.0165 95.4485
1.0165 95.4638
1.0165 95.4792
1.0165 95.4945
1.0165 95.5099
1.0165 95.5252
1.0165 95.5406
1.0165 95.5559
1.0165 95.5712
1.0165 95.5866
1.0165 95.6019
1.0165 95.6172
1.0165 95.2942
1.0165 95.3095
1.0165 95.3249
1.0165 95.3403
1.0165 95.3556
1.017 95.2408
1.017 95.2562
1.017 95.2716
1.017 94.9479
1.017 94.9633
1.017 94.9787
1.017 94.9941
1.017 95.0095
1.017 95.0249
1.017 95.0403
1.017 95.0557
1.017 95.0711
1.017 95.0865
1.017 95.1018
1.017 95.1172
1.017 95.1326
1.017 95.148
1.017 95.1634
1.017 95.1787
1.017 95.1941
1.017 95.2095
1.017 95.2248
1.017 95.2402
1.017 95.2556
1.017 95.271
1.017 94.9472
1.017 94.9626
1.017 94.978
1.017 94.9934
1.017 95.0087
1.0175 94.8999
1.0175 94.915
1.0175 94.9303
1.0175 94.6057
1.0175 94.6211
1.0175 94.6365
1.0175 94.6519
1.0175 94.6673
1.0175 94.6827
1.0175 94.6981
1.0175 94.7135
1.0175 94.7289
1.0175 94.7444
1.0175 94.7598
1.0175 94.7752
1.0175 94.7906
1.0175 94.806
1.0175 94.8214
1.0175 94.8368
1.0175 94.8522
1.0175 94.8676
1.0175 94.883
1.0175 94.8985
1.0175 94.9139
1.0175 94.9293
1.0175 94.6048
1.0175 94.6202
1.0175 94.6356
1.0175 94.6511
1.0175 94.6665
1.018 94.5646
1.018 94.5789
1.018 94.5936
1.018 94.2681
1.018 94.2834
1.018 94.2987
1.018 94.3141
1.018 94.3295
1.018 94.3449
1.018 94.3603
1.018 94.3758
1.018 94.3912
1.018 94.4067
1.018 94.4221
1.018 94.4376
1.018 94.453
1.018 94.4684
1.018 94.4839
1.018 94.4993
1.018 94.5148
1.018 94.5302
1.018 94.5456
1.018 94.5611
1.018 94.5765
1.018 94.5919
1.018 94.2668
1.018 94.2823
1.018 94.2977
1.018 94.3132
1.018 94.3286
1.0185 94.2435
1.0185 94.2525
1.0185 94.2643
1.0185 93.9365
1.0185 93.9508
1.0185 93.9657
1.0185 93.9808
1.0185 93.9961
1.0185 94.0114
1.0185 94.0268
1.0185 94.0423
1.0185 94.0577
1.0185 94.0732
1.0185 94.0887
1.0185 94.1041
1.0185 94.1196
1.0185 94.1351
1.0185 94.1505
1.0185 94.166
1.0185 94.1815
1.0185 94.1969
1.0185 94.2124
1.0185 94.2279
1.0185 94.2433
1.0185 94.2588
1.0185 93.9331
1.0185 93.9486
1.0185 93.964
1.0185 93.9795
1.0185 93.995
1.019 97.6988
1.019 96.5535
1.019 95.6481
1.019 94.6633
1.019 94.2445
1.019 93.9931
1.019 93.8519
1.019 93.778
1.019 93.7434
1.019 93.7312
1.019 93.7314
1.019 93.7384
1.019 93.7493
1.019 93.7623
1.019 93.7764
1.019 93.7911
1.019 93.8062
1.019 93.8215
1.019 93.8368
1.019 93.8523
1.019 93.8677
1.019 93.8832
1.019 93.8987
1.019 93.9142
1.019 93.9296
1.019 93.6034
1.019 93.6189
1.019 93.6344
1.019 93.6499
1.019 93.6654
1.0195 114.077
1.0195 114.084
1.0195 114.091
1.0195 113.942
1.0195 113.949
1.0195 113.956
1.0195 113.963
1.0195 113.97
1.0195 113.978
1.0195 113.985
1.0195 113.992
1.0195 113.999
1.0195 114.006
1.0195 114.013
1.0195 114.02
1.0195 114.027
1.0195 114.034
1.0195 114.041
1.0195 114.048
1.0195 114.055
1.0195 114.062
1.0195 114.069
1.0195 114.076
1.0195 114.083
1.0195 114.09
1.0195 113.942
1.0195 113.949
1.0195 113.956
1.0195 113.963
1.0195 113.97
1.02 114.089
1.02 114.096
1.02 114.103
1.02 113.956
1.02 113.963
1.02 113.97
1.02 113.977
1.02 113.984
1.02 113.991
1.02 113.998
1.02 114.005
1.02 114.012
1.02 114.019
1.02 114.026
1.02 114.033
1.02 114.04
1.02 114.047
1.02 114.054
1.02 114.061
1.02 114.068
1.02 114.075
1.02 114.082
1.02 114.089
1.02 114.096
1.02 114.103
1.02 113.955
1.02 113.962
1.02 113.969
1.02 113.976
1.02 113.983
1.0205 114.099
1.0205 114.106
1.0205 114.113
1.0205 113.967
1.0205 113.974
1.0205 113.981
1.0205 113.988
1.0205 113.995
1.0205 114.002
1.0205 114.009
1.0205 114.016
1.0205 114.023
1.0205 114.03
1.0205 114.037
1.0205 114.044
1.0205 114.051
1.0205 114.058
1.0205 114.065
1.0205 114.072
1.0205 114.078
1.0205 114.085
1.0205 114.092
1.0205 114.099
1.0205 114.106
1.0205 114.113
1.0205 113.967
1.0205 113.974
1.0205 113.981
1.0205 113.988
1.0205 113.995
1.021 114.108
1.021 114.115
1.021 114.122
1.021 113.977
1.021 113.984
1.021 113.991
1.021 113.998
1.021 114.005
1.021 114.012
1.021 114.019
1.021 114.026
1.021 114.032
1.021 114.039
1.021 114.046
1.021 114.053
1.021 114.06
1.021 114.067
1.021 114.074
1.021 114.08
1.021 114.087
1.021 114.094
1.021 114.101
1.021 114.108
1.021 114.114
1.021 114.121
1.021 113.977
1.021 113.984
1.021 113.991
1.021 113.998
1.021 114.005
1.0215 114.115
1.0215 114.122
1.0215 114.128
1.0215 113.985
1.0215 113.992
1.0215 113.999
1.0215 114.006
1.0215 114.013
1.0215 114.02
1.0215 114.026
1.0215 114.033
1.0215 114.04
1.0215 114.047
1.0215 114.054
1.0215 114.06
1.0215 114.067
1.0215 114.074
1.0215 114.081
1.0215 114.088
1.0215 114.094
1.0215 114.101
1.0215 114.108
1.0215 114.115
1.0215 114.121
1.0215 114.128
1.0215 113.985
1.0215 113.992
1.0215 113.999
1.0215 114.006
1.0215 114.012
1.022 114.12
1.022 114.127
1.022 114.133
1.022 113.992
1.022 113.999
1.022 114.005
1.022 114.012
1.022 114.019
1.022 114.026
1.022 114.033
1.022 114.039
1.022 114.046
1.022 114.053
1.022 114.059
1.022 114.066
1.022 114.073
1.022 114.08
1.022 114.086
1.022 114.093
1.022 114.1
1.022 114.106
1.022 114.113
1.022 114.12
1.022 114.126
1.022 114.133
1.022 113.992
1.022 113.998
1.022 114.005
1.022 114.012
1.022 114.019
1.0225 91.696
1.0225 91.7113
1.0225 91.7268
1.0225 91.3973
1.0225 91.413
1.0225 91.4286
1.0225 91.4443
1.0225 91.4599
1.0225 91.4756
1.0225 91.4912
1.0225 91.5069
1.0225 91.5225
1.0225 91.5382
1.0225 91.5538
1.0225 91.5695
1.0225 91.5851
1.0225 91.6008
1.0225 91.6164
1.0225 91.632
1.0225 91.6477
1.0225 91.6633
1.0225 91.679
1.0225 91.6946
1.0225 91.7102
1.0225 91.7259
1.0225 91.3965
1.0225 91.4122
1.0225 91.4278
1.0225 91.4435
1.0225 91.4591
1.023 91.3935
1.023 91.4091
1.023 91.4248
1.023 91.0951
1.023 91.1107
1.023 91.1264
1.023 91.1421
1.023 91.1577
1.023 91.1734
1.023 91.1891
1.023 91.2047
1.023 91.2204
1.023 91.2361
1.023 91.2517
1.023 91.2674
1.023 91.283
1.023 91.2987
1.023 91.3144
1.023 91.33
1.023 91.3457
1.023 91.3613
1.023 91.377
1.023 91.3927
1.023 91.4083
1.023 91.424
1.023 91.0943
1.023 91.1099
1.023 91.1256
1.023 91.1413
1.023 91.1569
1.0235 91.5464
1.0235 91.301
1.0235 91.2041
1.0235 90.8275
1.0235 90.8242
1.0235 90.8323
1.0235 90.8449
1.0235 90.8593
1.0235 90.8745
1.0235 90.89
1.0235 90.9056
1.0235 90.9212
1.0235 90.9369
1.0235 90.9526
1.0235 90.9682
1.0235 90.9839
1.0235 90.9996
1.0235 91.0153
1.0235 91.0309
1.0235 91.0466
1.0235 91.0623
1.0235 91.078
1.0235 91.0936
1.0235 91.1093
1.0235 91.125
1.0235 90.795
1.0235 90.8106
1.0235 90.8263
1.0235 90.842
1.0235 90.8577
1.024 103.757
1.024 102.38
1.024 100.639
1.024 98.2344
1.024 95.9999
1.024 93.9322
1.024 92.3634
1.024 91.4099
1.024 90.9372
1.024 90.7379
1.024 90.6657
1.024 90.6468
1.024 90.649
1.024 90.6595
1.024 90.6732
1.024 90.6881
1.024 90.7035
1.024 90.7191
1.024 90.7347
1.024 90.7504
1.024 90.7661
1.024 90.7818
1.024 90.7975
1.024 90.8131
1.024 90.8288
1.024 90.4985
1.024 90.5142
1.024 90.5299
1.024 90.5456
1.024 90.5613
1.0245 114.125
1.0245 114.131
1.0245 114.138
1.0245 114.003
1.0245 114.009
1.0245 114.016
1.0245 114.022
1.0245 114.029
1.0245 114.035
1.0245 114.042
1.0245 114.048
1.0245 114.054
1.0245 114.061
1.0245 114.067
1.0245 114.074
1.0245 114.08
1.0245 114.086
1.0245 114.093
1.0245 114.099
1.0245 114.106
1.0245 114.112
1.0245 114.118
1.0245 114.125
1.0245 114.131
1.0245 114.138
1.0245 114.002
1.0245 114.009
1.0245 114.015
1.0245 114.022
1.0245 114.028
1.025 90.2142
1.025 90.2299
1.025 90.2456
1.025 89.9148
1.025 89.9305
1.025 89.9462
1.025 89.9619
1.025 89.9777
1.025 89.9934
1.025 90.0091
1.025 90.0248
1.025 90.0405
1.025 90.0562
1.025 90.072
1.025 90.0877
1.025 90.1034
1.025 90.1191
1.025 90.1348
1.025 90.1505
1.025 90.1662
1.025 90.1819
1.025 90.1977
1.025 90.2134
1.025 90.2291
1.025 90.2448
1.025 89.914
1.025 89.9297
1.025 89.9454
1.025 89.9611
1.025 89.9769
1.0255 114.119
1.0255 114.125
1.0255 114.131
1.0255 113.998
1.0255 114.005
1.0255 114.011
1.0255 114.017
1.0255 114.024
1.0255 114.03
1.0255 114.036
1.0255 114.043
1.0255 114.049
1.0255 114.055
1.0255 114.062
1.0255 114.068
1.0255 114.074
1.0255 114.081
1.0255 114.087
1.0255 114.093
1.0255 114.099
1.0255 114.106
1.0255 114.112
1.0255 114.118
1.0255 114.124
1.0255 114.131
1.0255 113.998
1.0255 114.004
1.0255 114.011
1.0255 114.017
1.0255 114.023
1.026 89.6406
1.026 89.6563
1.026 89.672
1.026 89.3408
1.026 89.3565
1.026 89.3723
1.026 89.388
1.026 89.4038
1.026 89.4195
1.026 89.4352
1.026 89.451
1.026 89.4667
1.026 89.4824
1.026 89.4982
1.026 89.5139
1.026 89.5296
1.026 89.5454
1.026 89.5611
1.026 89.5768
1.026 89.5926
1.026 89.6083
1.026 89.624
1.026 89.6398
1.026 89.6555
1.026 89.6712
1.026 89.34
1.026 89.3557
1.026 89.3715
1.026 89.3872
1.026 89.403
1.0265 1.60213
1.0265 104.102
1.0265 1.61537
1.0265 104.205
1.0265 1.36738
1.0265 104.188
1.0265 1.3858
1.0265 104.173
1.0265 1.4058
1.0265 104.159
1.0265 1.42694
1.0265 104.146
1.0265 1.44891
1.0265 104.134
1.0265 1.47146
1.0265 104.122
1.0265 1.49442
1.0265 104.11
1.0265 1.51766
1.0265 104.099
1.0265 1.54112
1.0265 104.087
1.0265 1.56471
1.0265 104.076
1.0265 1.5884
1.0265 104.186
1.0265 1.34802
1.0265 104.175
1.0265 1.37189
1.0265 104.164
1.027 0.988361
1.027 103.813
1.027 -2.70372
1.027 101.25
1.027 0.543319
1.027 103.751
1.027 -2.99541
1.027 101.165
1.027 0.784303
1.027 103.866
1.027 -2.8824
1.027 101.19
1.027 0.675106
1.027 103.732
1.027 -2.89216
1.027 101.124
1.027 0.855037
1.027 103.804
1.027 -2.79963
1.027 101.133
1.027 0.794003
1.027 103.704
1.027 -2.79212
1.027 101.08
1.027 0.933196
1.027 103.87
1.027 -2.96948
1.027 101.214
1.027 0.642227
1.027 103.794
1.0275 114.093
1.0275 114.099
1.0275 114.105
1.0275 113.977
1.0275 113.983
1.0275 113.989
1.0275 113.995
1.0275 114.001
1.0275 114.008
1.0275 114.014
1.0275 114.02
1.0275 114.026
1.0275 114.032
1.0275 114.038
1.0275 114.044
1.0275 114.05
1.0275 114.056
1.0275 114.062
1.0275 114.069
1.0275 114.075
1.0275 114.081
1.0275 114.087
1.0275 114.093
1.0275 114.099
1.0275 114.105
1.0275 113.977
1.0275 113.983
1.0275 113.989
1.0275 113.995
1.0275 114.001
1.028 88.5229
1.028 88.5387
1.028 88.5544
1.028 88.2226
1.028 88.2383
1.028 88.2541
1.028 88.2699
1.028 88.2857
1.028 88.3014
1.028 88.3172
1.028 88.333
1.028 88.3487
1.028 88.3645
1.028 88.3803
1.028 88.396
1.028 88.4118
1.028 88.4275
1.028 88.4433
1.028 88.4591
1.028 88.4748
1.028 88.4906
1.028 88.5064
1.028 88.5221
1.028 88.5379
1.028 88.5536
1.028 88.2218
1.028 88.2376
1.028 88.2533
1.028 88.2691
1.028 88.2849
1.0285 114.075
1.0285 114.081
1.0285 114.087
1.0285 113.961
1.0285 113.967
1.0285 113.973
1.0285 113.979
1.0285 113.985
1.0285 113.991
1.0285 113.997
1.0285 114.003
1.0285 114.009
1.0285 114.015
1.0285 114.021
1.0285 114.027
1.0285 114.033
1.0285 114.039
1.0285 114.045
1.0285 114.051
1.0285 114.057
1.0285 114.063
1.0285 114.069
1.0285 114.075
1.0285 114.081
1.0285 114.087
1.0285 113.96
1.0285 113.967
1.0285 113.973
1.0285 113.979
1.0285 113.985
1.029 87.978
1.029 87.9937
1.029 88.0095
1.029 87.6774
1.029 87.6932
1.029 87.709
1.029 87.7248
1.029 87.7406
1.029 87.7563
1.029 87.7721
1.029 87.7879
1.029 87.8037
1.029 87.8194
1.029 87.8352
1.029 87.851
1.029 87.8668
1.029 87.8825
1.029 87.8983
1.029 87.9141
1.029 87.9299
1.029 87.9456
1.029 87.9614
1.029 87.9772
1.029 87.993
1.029 88.0087
1.029 87.6766
1.029 87.6924
1.029 87.7082
1.029 87.724
1.029 87.7398
1.0295 30.1905
1.0295 101.924
1.0295 84.1044
1.0295 30.0346
1.0295 102.027
1.0295 83.9947
1.0295 30.0584
1.0295 102.01
1.0295 84.0147
1.0295 30.0839
1.0295 101.995
1.0295 84.0286
1.0295 30.1088
1.0295 101.98
1.0295 84.0447
1.0295 30.1339
1.0295 101.964
1.0295 84.0599
1.0295 30.1589
1.0295 101.949
1.0295 84.0754
1.0295 30.184
1.0295 101.934
1.0295 84.0908
1.0295 30.2091
1.0295 102.031
1.0295 83.9924
1.0295 30.05
1.0295 102.016
1.0295 84.008
1.03 29.7339
1.03 101.207
1.03 84.8383
1.03 29.7345
1.03 101.598
1.03 84.1566
1.03 29.605
1.03 101.298
1.03 84.743
1.03 29.779
1.03 101.558
1.03 84.2066
1.03 29.658
1.03 101.273
1.03 84.7605
1.03 29.8244
1.03 101.519
1.03 84.2534
1.03 29.7105
1.03 101.247
1.03 84.7794
1.03 29.8703
1.03 101.48
1.03 84.2979
1.03 29.7628
1.03 101.336
1.03 84.6887
1.03 29.7338
1.03 101.557
1.03 84.2279
1.0305 29.6
1.0305 101.071
1.0305 84.4704
1.0305 29.1559
1.0305 100.641
1.0305 85.5072
1.0305 29.6757
1.0305 101.533
1.0305 83.603
1.0305 29.0968
1.0305 100.399
1.0305 85.9948
1.0305 30.0474
1.0305 102.078
1.0305 82.481
1.0305 29.3101
1.0305 100.641
1.0305 85.4293
1.0305 29.693
1.0305 101.322
1.0305 83.9717
1.0305 29.2152
1.0305 100.377
1.0305 85.9595
1.0305 30.0764
1.0305 102.003
1.0305 82.6744
1.0305 29.1613
1.0305 100.58
1.0305 85.6289
1.031 30.907
1.031 103.471
1.031 79.1446
1.031 31.1
1.031 104.019
1.031 78.3076
1.031 31.9624
1.031 105.37
1.031 76.5927
1.031 34.4207
1.031 109.006
1.031 76.2794
1.031 34.9772
1.031 109.721
1.031 77.0901
1.031 33.7746
1.031 107.986
1.031 75.7084
1.031 36.0587
1.031 111.033
1.031 79.3146
1.031 31.0401
1.031 103.577
1.031 78.9802
1.031 31.4548
1.031 104.313
1.031 77.874
1.031 32.4985
1.031 106.235
1.031 75.895
1.0315 28.5263
1.0315 99.2728
1.0315 87.2711
1.0315 30.3568
1.0315 102.984
1.0315 79.2351
1.0315 30.3551
1.0315 102.779
1.0315 79.6257
1.0315 30.012
1.0315 102.128
1.0315 80.9229
1.0315 29.0059
1.0315 100.286
1.0315 84.9831
1.0315 28.5341
1.0315 99.4349
1.0315 86.9489
1.0315 30.1307
1.0315 102.292
1.0315 80.5374
1.0315 29.3906
1.0315 100.795
1.0315 83.7536
1.0315 28.2619
1.0315 98.8407
1.0315 88.4709
1.0315 32.3418
1.0315 106.248
1.0315 74.9224
1.032 86.3942
1.032 86.41
1.032 86.4258
1.032 86.0934
1.032 86.1092
1.032 86.125
1.032 86.1408
1.032 86.1566
1.032 86.1724
1.032 86.1882
1.032 86.204
1.032 86.2198
1.032 86.2355
1.032 86.2513
1.032 86.2671
1.032 86.2829
1.032 86.2987
1.032 86.3145
1.032 86.3303
1.032 86.3461
1.032 86.3619
1.032 86.3776
1.032 86.3934
1.032 86.4092
1.032 86.425
1.032 86.0926
1.032 86.1084
1.032 86.1242
1.032 86.14
1.032 86.1558
1.0325 113.974
1.0325 113.98
1.0325 113.985
1.0325 113.867
1.0325 113.872
1.0325 113.878
1.0325 113.884
1.0325 113.889
1.0325 113.895
1.0325 113.901
1.0325 113.906
1.0325 113.912
1.0325 113.918
1.0325 113.923
1.0325 113.929
1.0325 113.935
1.0325 113.94
1.0325 113.946
1.0325 113.951
1.0325 113.957
1.0325 113.963
1.0325 113.968
1.0325 113.974
1.0325 113.979
1.0325 113.985
1.0325 113.866
1.0325 113.872
1.0325 113.878
1.0325 113.883
1.0325 113.889
1.033 113.959
1.033 113.964
1.033 113.97
1.033 113.852
1.033 113.858
1.033 113.863
1.033 113.869
1.033 113.875
1.033 113.88
1.033 113.886
1.033 113.892
1.033 113.897
1.033 113.903
1.033 113.908
1.033 113.914
1.033 113.919
1.033 113.925
1.033 113.931
1.033 113.936
1.033 113.942
1.033 113.947
1.033 113.953
1.033 113.958
1.033 113.964
1.033 113.969
1.033 113.852
1.033 113.858
1.033 113.863
1.033 113.869
1.033 113.874
1.0335 85.6291
1.0335 85.6449
1.0335 85.6607
1.0335 85.3283
1.0335 85.3441
1.0335 85.3599
1.0335 85.3757
1.0335 85.3915
1.0335 85.4073
1.0335 85.4231
1.0335 85.4389
1.0335 85.4547
1.0335 85.4704
1.0335 85.4862
1.0335 85.502
1.0335 85.5178
1.0335 85.5336
1.0335 85.5494
1.0335 85.5652
1.0335 85.581
1.0335 85.5968
1.0335 85.6126
1.0335 85.6283
1.0335 85.6441
1.0335 85.6599
1.0335 85.3275
1.0335 85.3433
1.0335 85.3591
1.0335 85.3749
1.0335 85.3907
1.034 113.926
1.034 113.932
1.034 113.937
1.034 113.821
1.034 113.827
1.034 113.833
1.034 113.838
1.034 113.844
1.034 113.849
1.034 113.855
1.034 113.86
1.034 113.866
1.034 113.871
1.034 113.877
1.034 113.882
1.034 113.888
1.034 113.893
1.034 113.899
1.034 113.904
1.034 113.91
1.034 113.915
1.034 113.921
1.034 113.926
1.034 113.931
1.034 113.937
1.034 113.821
1.034 113.827
1.034 113.832
1.034 113.838
1.034 113.843
1.0345 113.909
1.0345 113.915
1.0345 113.92
1.0345 113.805
1.0345 113.811
1.0345 113.816
1.0345 113.822
1.0345 113.827
1.0345 113.833
1.0345 113.838
1.0345 113.844
1.0345 113.849
1.0345 113.855
1.0345 113.86
1.0345 113.866
1.0345 113.871
1.0345 113.877
1.0345 113.882
1.0345 113.887
1.0345 113.893
1.0345 113.898
1.0345 113.904
1.0345 113.909
1.0345 113.915
1.0345 113.92
1.0345 113.805
1.0345 113.811
1.0345 113.816
1.0345 113.822
1.0345 113.827
1.035 113.892
1.035 113.897
1.035 113.903
1.035 113.789
1.035 113.794
1.035 113.8
1.035 113.805
1.035 113.811
1.035 113.816
1.035 113.822
1.035 113.827
1.035 113.832
1.035 113.838
1.035 113.843
1.035 113.849
1.035 113.854
1.035 113.86
1.035 113.865
1.035 113.87
1.035 113.876
1.035 113.881
1.035 113.886
1.035 113.892
1.035 113.897
1.035 113.903
1.035 113.788
1.035 113.794
1.035 113.799
1.035 113.805
1.035 113.81
1.0355 113.874
1.0355 113.88
1.0355 113.885
1.0355 113.772
1.0355 113.777
1.0355 113.783
1.0355 113.788
1.0355 113.793
1.0355 113.799
1.0355 113.804
1.0355 113.81
1.0355 113.815
1.0355 113.82
1.0355 113.826
1.0355 113.831
1.0355 113.837
1.0355 113.842
1.0355 113.847
1.0355 113.853
1.0355 113.858
1.0355 113.863
1.0355 113.869
1.0355 113.874
1.0355 113.879
1.0355 113.885
1.0355 113.771
1.0355 113.777
1.0355 113.782
1.0355 113.788
1.0355 113.793
1.036 84.3905
1.036 84.4063
1.036 84.4221
1.036 84.0899
1.036 84.1057
1.036 84.1215
1.036 84.1372
1.036 84.153
1.036 84.1688
1.036 84.1846
1.036 84.2004
1.036 84.2161
1.036 84.2319
1.036 84.2477
1.036 84.2635
1.036 84.2793
1.036 84.295
1.036 84.3108
1.036 84.3266
1.036 84.3424
1.036 84.3581
1.036 84.3739
1.036 84.3897
1.036 84.4055
1.036 84.4213
1.036 84.0891
1.036 84.1049
1.036 84.1207
1.036 84.1365
1.036 84.1522
1.0365 84.148
1.0365 84.1638
1.0365 84.1795
1.0365 83.8475
1.0365 83.8632
1.0365 83.879
1.0365 83.8948
1.0365 83.9106
1.0365 83.9263
1.0365 83.9421
1.0365 83.9579
1.0365 83.9737
1.0365 83.9894
1.0365 84.0052
1.0365 84.021
1.0365 84.0368
1.0365 84.0525
1.0365 84.0683
1.0365 84.0841
1.0365 84.0999
1.0365 84.1156
1.0365 84.1314
1.0365 84.1472
1.0365 84.163
1.0365 84.1787
1.0365 83.8467
1.0365 83.8624
1.0365 83.8782
1.0365 83.894
1.0365 83.9098
1.037 83.9072
1.037 83.9229
1.037 83.9387
1.037 83.6067
1.037 83.6225
1.037 83.6383
1.037 83.654
1.037 83.6698
1.037 83.6856
1.037 83.7013
1.037 83.7171
1.037 83.7329
1.037 83.7486
1.037 83.7644
1.037 83.7802
1.037 83.796
1.037 83.8117
1.037 83.8275
1.037 83.8433
1.037 83.859
1.037 83.8748
1.037 83.8906
1.037 83.9064
1.037 83.9221
1.037 83.9379
1.037 83.6059
1.037 83.6217
1.037 83.6375
1.037 83.6532
1.037 83.669
1.0375 83.668
1.0375 83.6837
1.0375 83.6995
1.0375 83.3676
1.0375 83.3834
1.0375 83.3991
1.0375 83.4149
1.0375 83.4307
1.0375 83.4464
1.0375 83.4622
1.0375 83.478
1.0375 83.4937
1.0375 83.5095
1.0375 83.5253
1.0375 83.541
1.0375 83.5568
1.0375 83.5726
1.0375 83.5883
1.0375 83.6041
1.0375 83.6199
1.0375 83.6356
1.0375 83.6514
1.0375 83.6672
1.0375 83.6829
1.0375 83.6987
1.0375 83.3668
1.0375 83.3826
1.0375 83.3983
1.0375 83.4141
1.0375 83.4299
1.038 83.4304
1.038 83.4462
1.038 83.4619
1.038 83.1301
1.038 83.1459
1.038 83.1617
1.038 83.1774
1.038 83.1932
1.038 83.209
1.038 83.2247
1.038 83.2405
1.038 83.2562
1.038 83.272
1.038 83.2878
1.038 83.3035
1.038 83.3193
1.038 83.335
1.038 83.3508
1.038 83.3666
1.038 83.3823
1.038 83.3981
1.038 83.4139
1.038 83.4296
1.038 83.4454
1.038 83.4611
1.038 83.1294
1.038 83.1451
1.038 83.1609
1.038 83.1766
1.038 83.1924
1.0385 113.759
1.0385 113.765
1.0385 113.77
1.0385 113.661
1.0385 113.666
1.0385 113.671
1.0385 113.677
1.0385 113.682
1.0385 113.687
1.0385 113.692
1.0385 113.697
1.0385 113.703
1.0385 113.708
1.0385 113.713
1.0385 113.718
1.0385 113.723
1.0385 113.728
1.0385 113.734
1.0385 113.739
1.0385 113.744
1.0385 113.749
1.0385 113.754
1.0385 113.759
1.0385 113.764
1.0385 113.769
1.0385 113.661
1.0385 113.666
1.0385 113.671
1.0385 113.676
1.0385 113.682
1.039 113.739
1.039 113.744
1.039 113.749
1.039 113.641
1.039 113.646
1.039 113.652
1.039 113.657
1.039 113.662
1.039 113.667
1.039 113.672
1.039 113.677
1.039 113.683
1.039 113.688
1.039 113.693
1.039 113.698
1.039 113.703
1.039 113.708
1.039 113.713
1.039 113.718
1.039 113.723
1.039 113.729
1.039 113.734
1.039 113.739
1.039 113.744
1.039 113.749
1.039 113.641
1.039 113.646
1.039 113.651
1.039 113.656
1.039 113.662
1.0395 113.718
1.0395 113.723
1.0395 113.728
1.0395 113.621
1.0395 113.626
1.0395 113.631
1.0395 113.637
1.0395 113.642
1.0395 113.647
1.0395 113.652
1.0395 113.657
1.0395 113.662
1.0395 113.667
1.0395 113.672
1.0395 113.678
1.0395 113.683
1.0395 113.688
1.0395 113.693
1.0395 113.698
1.0395 113.703
1.0395 113.708
1.0395 113.713
1.0395 113.718
1.0395 113.723
1.0395 113.728
1.0395 113.621
1.0395 113.626
1.0395 113.631
1.0395 113.636
1.0395 113.641
1.04 113.697
1.04 113.702
1.04 113.707
1.04 113.601
1.04 113.606
1.04 113.611
1.04 113.616
1.04 113.621
1.04 113.626
1.04 113.631
1.04 113.636
1.04 113.642
1.04 113.647
1.04 113.652
1.04 113.657
1.04 113.662
1.04 113.667
1.04 113.672
1.04 113.677
1.04 113.682
1.04 113.687
1.04 113.692
1.04 113.697
1.04 113.702
1.04 113.707
1.04 113.6
1.04 113.606
1.04 113.611
1.04 113.616
1.04 113.621
1.0405 113.676
1.0405 113.681
1.0405 113.686
1.0405 113.58
1.0405 113.585
1.0405 113.59
1.0405 113.595
1.0405 113.6
1.0405 113.605
1.0405 113.611
1.0405 113.616
1.0405 113.621
1.0405 113.626
1.0405 113.631
1.0405 113.636
1.0405 113.641
1.0405 113.646
1.0405 113.651
1.0405 113.656
1.0405 113.661
1.0405 113.666
1.0405 113.671
1.0405 113.676
1.0405 113.681
1.0405 113.686
1.0405 113.58
1.0405 113.585
1.0405 113.59
1.0405 113.595
1.0405 113.6
1.041 82.038
1.041 82.0537
1.041 82.0694
1.041 81.7384
1.041 81.7541
1.041 81.7699
1.041 81.7856
1.041 81.8013
1.041 81.817
1.041 81.8327
1.041 81.8485
1.041 81.8642
1.041 81.8799
1.041 81.8956
1.041 81.9114
1.041 81.9271
1.041 81.9428
1.041 81.9585
1.041 81.9743
1.041 81.99
1.041 82.0057
1.041 82.0215
1.041 82.0372
1.041 82.0529
1.041 82.0686
1.041 81.7376
1.041 81.7533
1.041 81.7691
1.041 81.7848
1.041 81.8005
1.0415 113.633
1.0415 113.637
1.0415 113.642
1.0415 113.538
1.0415 113.543
1.0415 113.548
1.0415 113.553
1.0415 113.558
1.0415 113.563
1.0415 113.568
1.0415 113.573
1.0415 113.578
1.0415 113.583
1.0415 113.588
1.0415 113.593
1.0415 113.598
1.0415 113.603
1.0415 113.608
1.0415 113.613
1.0415 113.618
1.0415 113.622
1.0415 113.627
1.0415 113.632
1.0415 113.637
1.0415 113.642
1.0415 113.538
1.0415 113.543
1.0415 113.548
1.0415 113.553
1.0415 113.558
1.042 113.61
1.042 113.615
1.042 113.62
1.042 113.516
1.042 113.521
1.042 113.526
1.042 113.531
1.042 113.536
1.042 113.541
1.042 113.546
1.042 113.551
1.042 113.556
1.042 113.561
1.042 113.566
1.042 113.571
1.042 113.576
1.042 113.581
1.042 113.586
1.042 113.591
1.042 113.596
1.042 113.6
1.042 113.605
1.042 113.61
1.042 113.615
1.042 113.62
1.042 113.516
1.042 113.521
1.042 113.526
1.042 113.531
1.042 113.536
1.0425 113.588
1.0425 113.593
1.0425 113.598
1.0425 113.495
1.0425 113.499
1.0425 113.504
1.0425 113.509
1.0425 113.514
1.0425 113.519
1.0425 113.524
1.0425 113.529
1.0425 113.534
1.0425 113.539
1.0425 113.544
1.0425 113.549
1.0425 113.554
1.0425 113.559
1.0425 113.563
1.0425 113.568
1.0425 113.573
1.0425 113.578
1.0425 113.583
1.0425 113.588
1.0425 113.593
1.0425 113.598
1.0425 113.494
1.0425 113.499
1.0425 113.504
1.0425 113.509
1.0425 113.514
1.043 81.1395
1.043 81.1552
1.043 81.1709
1.043 80.8405
1.043 80.8562
1.043 80.8719
1.043 80.8876
1.043 80.9033
1.043 80.919
1.043 80.9347
1.043 80.9504
1.043 80.9661
1.043 80.9817
1.043 80.9974
1.043 81.0131
1.043 81.0288
1.043 81.0445
1.043 81.0602
1.043 81.0759
1.043 81.0916
1.043 81.1073
1.043 81.123
1.043 81.1387
1.043 81.1544
1.043 81.1701
1.043 80.8397
1.043 80.8554
1.043 80.8711
1.043 80.8868
1.043 80.9025
1.0435 80.9184
1.0435 80.9341
1.0435 80.9498
1.0435 80.6196
1.0435 80.6353
1.0435 80.651
1.0435 80.6667
1.0435 80.6823
1.0435 80.698
1.0435 80.7137
1.0435 80.7294
1.0435 80.7451
1.0435 80.7608
1.0435 80.7764
1.0435 80.7921
1.0435 80.8078
1.0435 80.8235
1.0435 80.8392
1.0435 80.8549
1.0435 80.8706
1.0435 80.8863
1.0435 80.9019
1.0435 80.9176
1.0435 80.9333
1.0435 80.949
1.0435 80.6188
1.0435 80.6345
1.0435 80.6502
1.0435 80.6659
1.0435 80.6815
1.044 80.6987
1.044 80.7144
1.044 80.7301
1.044 80.4001
1.044 80.4158
1.044 80.4314
1.044 80.4471
1.044 80.4628
1.044 80.4785
1.044 80.4941
1.044 80.5098
1.044 80.5255
1.044 80.5412
1.044 80.5568
1.044 80.5725
1.044 80.5882
1.044 80.6039
1.044 80.6195
1.044 80.6352
1.044 80.6509
1.044 80.6666
1.044 80.6823
1.044 80.6979
1.044 80.7136
1.044 80.7293
1.044 80.3993
1.044 80.415
1.044 80.4306
1.044 80.4463
1.044 80.462
1.0445 113.496
1.0445 113.501
1.0445 113.506
1.0445 113.405
1.0445 113.41
1.0445 113.415
1.0445 113.42
1.0445 113.424
1.0445 113.429
1.0445 113.434
1.0445 113.439
1.0445 113.444
1.0445 113.448
1.0445 113.453
1.0445 113.458
1.0445 113.463
1.0445 113.468
1.0445 113.472
1.0445 113.477
1.0445 113.482
1.0445 113.487
1.0445 113.491
1.0445 113.496
1.0445 113.501
1.0445 113.506
1.0445 113.405
1.0445 113.41
1.0445 113.414
1.0445 113.419
1.0445 113.424
1.045 113.473
1.045 113.478
1.045 113.482
1.045 113.382
1.045 113.387
1.045 113.392
1.045 113.397
1.045 113.401
1.045 113.406
1.045 113.411
1.045 113.416
1.045 113.42
1.045 113.425
1.045 113.43
1.045 113.435
1.045 113.44
1.045 113.444
1.045 113.449
1.045 113.454
1.045 113.458
1.045 113.463
1.045 113.468
1.045 113.473
1.045 113.477
1.045 113.482
1.045 113.382
1.045 113.387
1.045 113.391
1.045 113.396
1.045 113.401
1.0455 113.449
1.0455 113.454
1.0455 113.459
1.0455 113.359
1.0455 113.364
1.0455 113.369
1.0455 113.373
1.0455 113.378
1.0455 113.383
1.0455 113.388
1.0455 113.392
1.0455 113.397
1.0455 113.402
1.0455 113.407
1.0455 113.411
1.0455 113.416
1.0455 113.421
1.0455 113.426
1.0455 113.43
1.0455 113.435
1.0455 113.44
1.0455 113.444
1.0455 113.449
1.0455 113.454
1.0455 113.458
1.0455 113.359
1.0455 113.363
1.0455 113.368
1.0455 113.373
1.0455 113.378
1.046 79.8335
1.046 79.8492
1.046 79.8648
1.046 79.5356
1.046 79.5512
1.046 79.5668
1.046 79.5825
1.046 79.5981
1.046 79.6138
1.046 79.6294
1.046 79.645
1.046 79.6607
1.046 79.6763
1.046 79.692
1.046 79.7076
1.046 79.7232
1.046 79.7389
1.046 79.7545
1.046 79.7702
1.046 79.7858
1.046 79.8014
1.046 79.8171
1.046 79.8327
1.046 79.8484
1.046 79.864
1.046 79.5348
1.046 79.5504
1.046 79.5661
1.046 79.5817
1.046 79.5973
1.0465 113.401
1.0465 113.406
1.0465 113.411
1.0465 113.312
1.0465 113.317
1.0465 113.322
1.0465 113.326
1.0465 113.331
1.0465 113.336
1.0465 113.34
1.0465 113.345
1.0465 113.35
1.0465 113.355
1.0465 113.359
1.0465 113.364
1.0465 113.369
1.0465 113.373
1.0465 113.378
1.0465 113.383
1.0465 113.387
1.0465 113.392
1.0465 113.396
1.0465 113.401
1.0465 113.406
1.0465 113.41
1.0465 113.312
1.0465 113.317
1.0465 113.321
1.0465 113.326
1.0465 113.331
1.047 113.377
1.047 113.382
1.047 113.386
1.047 113.288
1.047 113.293
1.047 113.298
1.047 113.303
1.047 113.307
1.047 113.312
1.047 113.317
1.047 113.321
1.047 113.326
1.047 113.331
1.047 113.335
1.047 113.34
1.047 113.345
1.047 113.349
1.047 113.354
1.047 113.358
1.047 113.363
1.047 113.368
1.047 113.372
1.047 113.377
1.047 113.382
1.047 113.386
1.047 113.288
1.047 113.293
1.047 113.298
1.047 113.302
1.047 113.307
1.0475 113.353
1.0475 113.357
1.0475 113.362
1.0475 113.265
1.0475 113.269
1.0475 113.274
1.0475 113.279
1.0475 113.283
1.0475 113.288
1.0475 113.293
1.0475 113.297
1.0475 113.302
1.0475 113.307
1.0475 113.311
1.0475 113.316
1.0475 113.32
1.0475 113.325
1.0475 113.33
1.0475 113.334
1.0475 113.339
1.0475 113.343
1.0475 113.348
1.0475 113.353
1.0475 113.357
1.0475 113.362
1.0475 113.264
1.0475 113.269
1.0475 113.274
1.0475 113.278
1.0475 113.283
1.048 113.328
1.048 113.333
1.048 113.337
1.048 113.24
1.048 113.245
1.048 113.25
1.048 113.254
1.048 113.259
1.048 113.264
1.048 113.268
1.048 113.273
1.048 113.278
1.048 113.282
1.048 113.287
1.048 113.291
1.048 113.296
1.048 113.301
1.048 113.305
1.048 113.31
1.048 113.314
1.048 113.319
1.048 113.323
1.048 113.328
1.048 113.333
1.048 113.337
1.048 113.24
1.048 113.245
1.048 113.25
1.048 113.254
1.048 113.259
1.0485 113.304
1.0485 113.308
1.0485 113.313
1.0485 113.216
1.0485 113.221
1.0485 113.226
1.0485 113.23
1.0485 113.235
1.0485 113.239
1.0485 113.244
1.0485 113.249
1.0485 113.253
1.0485 113.258
1.0485 113.262
1.0485 113.267
1.0485 113.272
1.0485 113.276
1.0485 113.281
1.0485 113.285
1.0485 113.29
1.0485 113.294
1.0485 113.299
1.0485 113.303
1.0485 113.308
1.0485 113.312
1.0485 113.216
1.0485 113.221
1.0485 113.225
1.0485 113.23
1.0485 113.235
1.049 78.5745
1.049 78.5901
1.049 78.6057
1.049 78.2778
1.049 78.2934
1.049 78.3089
1.049 78.3245
1.049 78.3401
1.049 78.3557
1.049 78.3712
1.049 78.3868
1.049 78.4024
1.049 78.418
1.049 78.4335
1.049 78.4491
1.049 78.4647
1.049 78.4803
1.049 78.4959
1.049 78.5114
1.049 78.527
1.049 78.5426
1.049 78.5582
1.049 78.5738
1.049 78.5893
1.049 78.6049
1.049 78.277
1.049 78.2926
1.049 78.3082
1.049 78.3237
1.049 78.3393
1.0495 113.254
1.0495 113.258
1.0495 113.263
1.0495 113.167
1.0495 113.172
1.0495 113.177
1.0495 113.181
1.0495 113.186
1.0495 113.19
1.0495 113.195
1.0495 113.199
1.0495 113.204
1.0495 113.209
1.0495 113.213
1.0495 113.218
1.0495 113.222
1.0495 113.227
1.0495 113.231
1.0495 113.236
1.0495 113.24
1.0495 113.245
1.0495 113.249
1.0495 113.254
1.0495 113.258
1.0495 113.263
1.0495 113.167
1.0495 113.172
1.0495 113.176
1.0495 113.181
1.0495 113.186
1.05 78.611
1.05 78.0024
1.05 78.2723
1.05 77.8367
1.05 77.8975
1.05 77.8939
1.05 77.9175
1.05 77.9297
1.05 77.9467
1.05 77.9616
1.05 77.9774
1.05 77.9929
1.05 78.0085
1.05 78.024
1.05 78.0396
1.05 78.0551
1.05 78.0707
1.05 78.0862
1.05 78.1018
1.05 78.1173
1.05 78.1329
1.05 78.1484
1.05 78.164
1.05 78.1796
1.05 78.1951
1.05 77.8677
1.05 77.8832
1.05 77.8988
1.05 77.9143
1.05 77.9299
1.0505 77.9614
1.0505 77.9774
1.0505 77.9928
1.0505 77.6657
1.0505 77.6812
1.0505 77.6967
1.0505 77.7122
1.0505 77.7278
1.0505 77.7433
1.0505 77.7589
1.0505 77.7744
1.0505 77.7899
1.0505 77.8055
1.0505 77.821
1.0505 77.8366
1.0505 77.8521
1.0505 77.8677
1.0505 77.8832
1.0505 77.8987
1.0505 77.9143
1.0505 77.9298
1.0505 77.9454
1.0505 77.9609
1.0505 77.9765
1.0505 77.992
1.0505 77.6648
1.0505 77.6804
1.0505 77.6959
1.0505 77.7115
1.0505 77.727
1.051 113.175
1.051 113.184
1.051 113.186
1.051 113.093
1.051 113.097
1.051 113.102
1.051 113.107
1.051 113.111
1.051 113.116
1.051 113.12
1.051 113.125
1.051 113.129
1.051 113.134
1.051 113.138
1.051 113.142
1.051 113.147
1.051 113.151
1.051 113.156
1.051 113.16
1.051 113.165
1.051 113.169
1.051 113.174
1.051 113.178
1.051 113.182
1.051 113.187
1.051 113.093
1.051 113.097
1.051 113.102
1.051 113.106
1.051 113.111
1.0515 77.3809
1.0515 77.6607
1.0515 77.5497
1.0515 77.2827
1.0515 77.2699
1.0515 77.2988
1.0515 77.3079
1.0515 77.3265
1.0515 77.3406
1.0515 77.3568
1.0515 77.372
1.0515 77.3876
1.0515 77.4031
1.0515 77.4186
1.0515 77.4341
1.0515 77.4497
1.0515 77.4652
1.0515 77.4807
1.0515 77.4962
1.0515 77.5117
1.0515 77.5273
1.0515 77.5428
1.0515 77.5583
1.0515 77.5738
1.0515 77.5894
1.0515 77.2627
1.0515 77.2782
1.0515 77.2937
1.0515 77.3092
1.0515 77.3247
1.052 113.127
1.052 113.131
1.052 113.136
1.052 113.043
1.052 113.047
1.052 113.052
1.052 113.056
1.052 113.061
1.052 113.065
1.052 113.07
1.052 113.074
1.052 113.079
1.052 113.083
1.052 113.087
1.052 113.092
1.052 113.096
1.052 113.101
1.052 113.105
1.052 113.109
1.052 113.114
1.052 113.118
1.052 113.122
1.052 113.127
1.052 113.131
1.052 113.136
1.052 113.043
1.052 113.047
1.052 113.052
1.052 113.056
1.052 113.061
1.0525 113.06
1.0525 113.127
1.0525 113.099
1.0525 113.023
1.0525 113.019
1.0525 113.028
1.0525 113.03
1.0525 113.036
1.0525 113.04
1.0525 113.044
1.0525 113.049
1.0525 113.053
1.0525 113.057
1.0525 113.062
1.0525 113.066
1.0525 113.071
1.0525 113.075
1.0525 113.079
1.0525 113.084
1.0525 113.088
1.0525 113.092
1.0525 113.097
1.0525 113.101
1.0525 113.106
1.0525 113.11
1.0525 113.017
1.0525 113.022
1.0525 113.026
1.0525 113.031
1.0525 113.035
1.053 76.9542
1.053 76.9844
1.053 76.9921
1.053 76.6703
1.053 76.6836
1.053 76.7002
1.053 76.7151
1.053 76.7309
1.053 76.7462
1.053 76.7618
1.053 76.7772
1.053 76.7927
1.053 76.8082
1.053 76.8237
1.053 76.8391
1.053 76.8546
1.053 76.8701
1.053 76.8856
1.053 76.9011
1.053 76.9166
1.053 76.932
1.053 76.9475
1.053 76.963
1.053 76.9785
1.053 76.994
1.053 76.6681
1.053 76.6836
1.053 76.699
1.053 76.7145
1.053 76.73
1.0535 113.038
1.0535 113.061
1.0535 113.055
1.0535 112.969
1.0535 112.97
1.0535 112.976
1.0535 112.98
1.0535 112.984
1.0535 112.989
1.0535 112.993
1.0535 112.997
1.0535 113.002
1.0535 113.006
1.0535 113.011
1.0535 113.015
1.0535 113.019
1.0535 113.024
1.0535 113.028
1.0535 113.032
1.0535 113.037
1.0535 113.041
1.0535 113.045
1.0535 113.049
1.0535 113.054
1.0535 113.058
1.0535 112.966
1.0535 112.971
1.0535 112.975
1.0535 112.98
1.0535 112.984
1.054 76.5736
1.054 76.5874
1.054 76.6038
1.054 76.2779
1.054 76.2937
1.054 76.309
1.054 76.3245
1.054 76.3399
1.054 76.3554
1.054 76.3708
1.054 76.3863
1.054 76.4017
1.054 76.4172
1.054 76.4326
1.054 76.4481
1.054 76.4636
1.054 76.479
1.054 76.4945
1.054 76.5099
1.054 76.5254
1.054 76.5409
1.054 76.5563
1.054 76.5718
1.054 76.5872
1.054 76.6027
1.054 76.2773
1.054 76.2928
1.054 76.3082
1.054 76.3237
1.054 76.3391
1.0545 112.998
1.0545 113.002
1.0545 113.006
1.0545 112.915
1.0545 112.92
1.0545 112.924
1.0545 112.928
1.0545 112.933
1.0545 112.937
1.0545 112.942
1.0545 112.946
1.0545 112.95
1.0545 112.954
1.0545 112.959
1.0545 112.963
1.0545 112.967
1.0545 112.972
1.0545 112.976
1.0545 112.98
1.0545 112.985
1.0545 112.989
1.0545 112.993
1.0545 112.997
1.0545 113.002
1.0545 113.006
1.0545 112.915
1.0545 112.92
1.0545 112.924
1.0545 112.928
1.0545 112.933
1.055 76.1545
1.055 76.2199
1.055 76.2054
1.055 75.8984
1.055 75.9032
1.055 75.925
1.055 75.9366
1.055 75.9543
1.055 75.9684
1.055 75.9846
1.055 75.9996
1.055 76.0153
1.055 76.0306
1.055 76.0461
1.055 76.0615
1.055 76.0769
1.055 76.0923
1.055 76.1078
1.055 76.1232
1.055 76.1387
1.055 76.1541
1.055 76.1695
1.055 76.185
1.055 76.2004
1.055 76.2158
1.055 75.891
1.055 75.9064
1.055 75.9218
1.055 75.9373
1.055 75.9527
1.0555 112.949
1.0555 112.947
1.0555 112.955
1.0555 112.863
1.0555 112.869
1.0555 112.872
1.0555 112.877
1.0555 112.881
1.0555 112.885
1.0555 112.89
1.0555 112.894
1.0555 112.898
1.0555 112.902
1.0555 112.907
1.0555 112.911
1.0555 112.915
1.0555 112.919
1.0555 112.924
1.0555 112.928
1.0555 112.932
1.0555 112.936
1.0555 112.941
1.0555 112.945
1.0555 112.949
1.0555 112.953
1.0555 112.863
1.0555 112.868
1.0555 112.872
1.0555 112.876
1.0555 112.881
1.056 112.904
1.056 112.933
1.056 112.921
1.056 112.842
1.056 112.84
1.056 112.848
1.056 112.85
1.056 112.856
1.056 112.859
1.056 112.864
1.056 112.868
1.056 112.872
1.056 112.876
1.056 112.881
1.056 112.885
1.056 112.889
1.056 112.893
1.056 112.897
1.056 112.902
1.056 112.906
1.056 112.91
1.056 112.914
1.056 112.919
1.056 112.923
1.056 112.927
1.056 112.837
1.056 112.842
1.056 112.846
1.056 112.85
1.056 112.855
1.0565 75.6301
1.0565 75.6182
1.0565 75.6513
1.0565 75.3158
1.0565 75.3387
1.0565 75.3492
1.0565 75.3677
1.0565 75.3811
1.0565 75.3978
1.0565 75.4123
1.0565 75.4283
1.0565 75.4433
1.0565 75.4589
1.0565 75.4742
1.0565 75.4897
1.0565 75.505
1.0565 75.5204
1.0565 75.5358
1.0565 75.5512
1.0565 75.5666
1.0565 75.582
1.0565 75.5974
1.0565 75.6128
1.0565 75.6282
1.0565 75.6436
1.0565 75.3196
1.0565 75.3349
1.0565 75.3503
1.0565 75.3657
1.0565 75.3811
1.057 75.4495
1.057 75.4239
1.057 75.4667
1.057 75.1247
1.057 75.1522
1.057 75.1595
1.057 75.1803
1.057 75.192
1.057 75.2098
1.057 75.2236
1.057 75.24
1.057 75.2547
1.057 75.2705
1.057 75.2856
1.057 75.3012
1.057 75.3164
1.057 75.3319
1.057 75.3472
1.057 75.3626
1.057 75.378
1.057 75.3934
1.057 75.4088
1.057 75.4242
1.057 75.4395
1.057 75.4549
1.057 75.1312
1.057 75.1466
1.057 75.1619
1.057 75.1773
1.057 75.1927
1.0575 75.244
1.0575 75.2482
1.0575 75.2712
1.0575 74.9425
1.0575 74.9615
1.0575 74.9744
1.0575 74.9914
1.0575 75.0056
1.0575 75.0218
1.0575 75.0366
1.0575 75.0523
1.0575 75.0674
1.0575 75.083
1.0575 75.0982
1.0575 75.1137
1.0575 75.129
1.0575 75.1444
1.0575 75.1597
1.0575 75.1751
1.0575 75.1905
1.0575 75.2058
1.0575 75.2212
1.0575 75.2366
1.0575 75.2519
1.0575 75.2673
1.0575 74.9439
1.0575 74.9592
1.0575 74.9746
1.0575 74.99
1.0575 75.0053
1.058 75.0349
1.058 75.0773
1.058 75.0737
1.058 74.7639
1.058 74.7698
1.058 74.7918
1.058 74.8025
1.058 74.8211
1.058 74.8341
1.058 74.8511
1.058 74.8653
1.058 74.8815
1.058 74.8963
1.058 74.912
1.058 74.9271
1.058 74.9426
1.058 74.9578
1.058 74.9733
1.058 74.9886
1.058 75.004
1.058 75.0193
1.058 75.0347
1.058 75.05
1.058 75.0654
1.058 75.0807
1.058 74.7576
1.058 74.7729
1.058 74.7883
1.058 74.8036
1.058 74.819
1.0585 74.884
1.0585 74.8671
1.0585 74.9057
1.0585 74.5661
1.0585 74.5935
1.0585 74.6001
1.0585 74.6217
1.0585 74.6325
1.0585 74.6511
1.0585 74.6641
1.0585 74.6811
1.0585 74.6952
1.0585 74.7115
1.0585 74.7262
1.0585 74.742
1.0585 74.757
1.0585 74.7725
1.0585 74.7877
1.0585 74.8032
1.0585 74.8184
1.0585 74.8338
1.0585 74.8491
1.0585 74.8645
1.0585 74.8798
1.0585 74.8952
1.0585 74.5723
1.0585 74.5876
1.0585 74.603
1.0585 74.6183
1.0585 74.6336
1.059 74.6448
1.059 74.7227
1.059 74.6918
1.059 74.4033
1.059 74.3934
1.059 74.4274
1.059 74.4289
1.059 74.4544
1.059 74.4622
1.059 74.4831
1.059 74.4943
1.059 74.5127
1.059 74.5257
1.059 74.5427
1.059 74.5568
1.059 74.5731
1.059 74.5877
1.059 74.6035
1.059 74.6185
1.059 74.6341
1.059 74.6492
1.059 74.6647
1.059 74.6799
1.059 74.6953
1.059 74.7106
1.059 74.3881
1.059 74.4034
1.059 74.4187
1.059 74.434
1.059 74.4493
1.0595 74.4028
1.0595 74.5844
1.0595 74.4737
1.0595 74.2466
1.0595 74.1899
1.0595 74.2596
1.0595 74.2338
1.0595 74.2802
1.0595 74.2719
1.0595 74.3051
1.0595 74.3069
1.0595 74.3324
1.0595 74.34
1.0595 74.3611
1.0595 74.372
1.0595 74.3907
1.0595 74.4035
1.0595 74.4207
1.0595 74.4346
1.0595 74.451
1.0595 74.4654
1.0595 74.4814
1.0595 74.4962
1.0595 74.5119
1.0595 74.5269
1.0595 74.2049
1.0595 74.22
1.0595 74.2354
1.0595 74.2507
1.0595 74.266
1.06 112.666
1.06 112.74
1.06 112.69
1.06 112.645
1.06 112.617
1.06 112.646
1.06 112.631
1.06 112.65
1.06 112.643
1.06 112.656
1.06 112.653
1.06 112.663
1.06 112.663
1.06 112.67
1.06 112.671
1.06 112.678
1.06 112.68
1.06 112.685
1.06 112.689
1.06 112.693
1.06 112.697
1.06 112.701
1.06 112.705
1.06 112.709
1.06 112.713
1.06 112.627
1.06 112.631
1.06 112.635
1.06 112.639
1.06 112.644
1.0605 112.694
1.0605 112.67
1.0605 112.696
1.0605 112.593
1.0605 112.611
1.0605 112.604
1.0605 112.617
1.0605 112.614
1.0605 112.623
1.0605 112.623
1.0605 112.631
1.0605 112.632
1.0605 112.638
1.0605 112.641
1.0605 112.646
1.0605 112.649
1.0605 112.654
1.0605 112.658
1.0605 112.662
1.0605 112.666
1.0605 112.67
1.0605 112.674
1.0605 112.678
1.0605 112.682
1.0605 112.686
1.0605 112.6
1.0605 112.604
1.0605 112.609
1.0605 112.613
1.0605 112.617
1.061 112.606
1.061 112.692
1.061 112.63
1.061 112.598
1.061 112.559
1.061 112.598
1.061 112.573
1.061 112.601
1.061 112.586
1.061 112.605
1.061 112.597
1.061 112.611
1.061 112.607
1.061 112.618
1.061 112.617
1.061 112.625
1.061 112.625
1.061 112.632
1.061 112.634
1.061 112.64
1.061 112.643
1.061 112.648
1.061 112.651
1.061 112.656
1.061 112.659
1.061 112.574
1.061 112.578
1.061 112.582
1.061 112.586
1.061 112.59
1.0615 112.64
1.0615 112.616
1.0615 112.643
1.0615 112.539
1.0615 112.558
1.0615 112.549
1.0615 112.564
1.0615 112.559
1.0615 112.571
1.0615 112.569
1.0615 112.578
1.0615 112.578
1.0615 112.585
1.0615 112.587
1.0615 112.593
1.0615 112.595
1.0615 112.601
1.0615 112.603
1.0615 112.609
1.0615 112.612
1.0615 112.617
1.0615 112.62
1.0615 112.624
1.0615 112.628
1.0615 112.632
1.0615 112.547
1.0615 112.551
1.0615 112.555
1.0615 112.559
1.0615 112.563
1.062 112.658
1.062 112.55
1.062 112.649
1.062 112.484
1.062 112.555
1.062 112.503
1.062 112.554
1.062 112.518
1.062 112.556
1.062 112.532
1.062 112.56
1.062 112.543
1.062 112.565
1.062 112.554
1.062 112.571
1.062 112.564
1.062 112.577
1.062 112.574
1.062 112.584
1.062 112.583
1.062 112.591
1.062 112.591
1.062 112.599
1.062 112.6
1.062 112.606
1.062 112.519
1.062 112.525
1.062 112.528
1.062 112.533
1.062 112.536
1.0625 112.571
1.0625 112.574
1.0625 112.579
1.0625 112.493
1.0625 112.498
1.0625 112.501
1.0625 112.506
1.0625 112.509
1.0625 112.514
1.0625 112.518
1.0625 112.522
1.0625 112.526
1.0625 112.53
1.0625 112.534
1.0625 112.538
1.0625 112.542
1.0625 112.546
1.0625 112.55
1.0625 112.554
1.0625 112.558
1.0625 112.562
1.0625 112.566
1.0625 112.57
1.0625 112.574
1.0625 112.578
1.0625 112.493
1.0625 112.497
1.0625 112.501
1.0625 112.505
1.0625 112.509
1.063 112.396
1.063 112.678
1.063 112.437
1.063 112.566
1.063 112.383
1.063 112.552
1.063 112.411
1.063 112.543
1.063 112.434
1.063 112.537
1.063 112.454
1.063 112.535
1.063 112.471
1.063 112.535
1.063 112.486
1.063 112.537
1.063 112.5
1.063 112.54
1.063 112.512
1.063 112.544
1.063 112.523
1.063 112.549
1.063 112.534
1.063 112.555
1.063 112.544
1.063 112.472
1.063 112.465
1.063 112.479
1.063 112.474
1.063 112.486
1.0635 112.353
1.0635 112.668
1.0635 112.392
1.0635 112.557
1.0635 112.339
1.0635 112.543
1.0635 112.367
1.0635 112.532
1.0635 112.391
1.0635 112.525
1.0635 112.413
1.0635 112.522
1.0635 112.431
1.0635 112.52
1.0635 112.448
1.0635 112.52
1.0635 112.463
1.0635 112.522
1.0635 112.476
1.0635 112.525
1.0635 112.489
1.0635 112.529
1.0635 112.5
1.0635 112.533
1.0635 112.511
1.0635 112.45
1.0635 112.434
1.0635 112.456
1.0635 112.444
1.0635 112.463
1.064 112.687
1.064 112.313
1.064 112.663
1.064 112.264
1.064 112.554
1.064 112.296
1.064 112.54
1.064 112.324
1.064 112.529
1.064 112.349
1.064 112.522
1.064 112.371
1.064 112.517
1.064 112.391
1.064 112.514
1.064 112.409
1.064 112.512
1.064 112.425
1.064 112.513
1.064 112.44
1.064 112.514
1.064 112.454
1.064 112.516
1.064 112.466
1.064 112.52
1.064 112.391
1.064 112.436
1.064 112.403
1.064 112.441
1.064 112.413
1.0645 112.87
1.0645 112.096
1.0645 112.82
1.0645 112.07
1.0645 112.689
1.0645 112.12
1.0645 112.657
1.0645 112.164
1.0645 112.63
1.0645 112.203
1.0645 112.609
1.0645 112.238
1.0645 112.591
1.0645 112.269
1.0645 112.577
1.0645 112.297
1.0645 112.566
1.0645 112.323
1.0645 112.557
1.0645 112.346
1.0645 112.55
1.0645 112.367
1.0645 112.546
1.0645 112.386
1.0645 112.543
1.0645 112.318
1.0645 112.453
1.0645 112.334
1.0645 112.453
1.0645 112.35
1.065 112.827
1.065 112.075
1.065 112.793
1.065 112.036
1.065 112.674
1.065 112.076
1.065 112.651
1.065 112.113
1.065 112.631
1.065 112.147
1.065 112.613
1.065 112.178
1.065 112.599
1.065 112.206
1.065 112.587
1.065 112.233
1.065 112.577
1.065 112.257
1.065 112.569
1.065 112.28
1.065 112.562
1.065 112.301
1.065 112.557
1.065 112.321
1.065 112.553
1.065 112.254
1.065 112.462
1.065 112.272
1.065 112.46
1.065 112.289
1.0655 112.897
1.0655 111.953
1.0655 112.867
1.0655 111.911
1.0655 112.75
1.0655 111.95
1.0655 112.728
1.0655 111.985
1.0655 112.709
1.0655 112.018
1.0655 112.692
1.0655 112.048
1.0655 112.677
1.0655 112.077
1.0655 112.664
1.0655 112.104
1.0655 112.653
1.0655 112.13
1.0655 112.643
1.0655 112.154
1.0655 112.634
1.0655 112.177
1.0655 112.627
1.0655 112.199
1.0655 112.621
1.0655 112.136
1.0655 112.527
1.0655 112.156
1.0655 112.523
1.0655 112.175
1.066 113.146
1.066 111.674
1.066 113.104
1.066 111.643
1.066 112.976
1.066 111.687
1.066 112.947
1.066 111.728
1.066 112.921
1.066 111.765
1.066 112.9
1.066 111.799
1.066 112.881
1.066 111.831
1.066 112.864
1.066 111.861
1.066 112.849
1.066 111.889
1.066 112.836
1.066 111.916
1.066 112.825
1.066 111.941
1.066 112.815
1.066 111.966
1.066 112.806
1.066 111.906
1.066 112.707
1.066 111.929
1.066 112.701
1.066 111.95
1.0665 113.027
1.0665 111.712
1.0665 113.021
1.0665 111.651
1.0665 112.923
1.0665 111.67
1.0665 112.919
1.0665 111.688
1.0665 112.917
1.0665 111.706
1.0665 112.915
1.0665 111.723
1.0665 112.913
1.0665 111.739
1.0665 112.913
1.0665 111.754
1.0665 112.913
1.0665 111.77
1.0665 112.913
1.0665 111.784
1.0665 112.914
1.0665 111.798
1.0665 112.915
1.0665 111.812
1.0665 112.916
1.0665 111.745
1.0665 112.826
1.0665 111.758
1.0665 112.828
1.0665 111.771
1.067 111.394
1.067 113.3
1.067 111.417
1.067 113.196
1.067 111.36
1.067 113.191
1.067 111.379
1.067 113.187
1.067 111.396
1.067 113.185
1.067 111.413
1.067 113.185
1.067 111.428
1.067 113.185
1.067 111.442
1.067 113.186
1.067 111.455
1.067 113.188
1.067 111.468
1.067 113.191
1.067 111.48
1.067 113.194
1.067 111.491
1.067 113.198
1.067 111.502
1.067 113.107
1.067 111.435
1.067 113.112
1.067 111.445
1.067 113.118
1.0675 111.18
1.0675 113.484
1.0675 111.199
1.0675 113.382
1.0675 111.139
1.0675 113.381
1.0675 111.153
1.0675 113.383
1.0675 111.166
1.0675 113.385
1.0675 111.179
1.0675 113.389
1.0675 111.19
1.0675 113.393
1.0675 111.2
1.0675 113.399
1.0675 111.21
1.0675 113.405
1.0675 111.219
1.0675 113.411
1.0675 111.228
1.0675 113.418
1.0675 111.237
1.0675 113.425
1.0675 111.245
1.0675 113.334
1.0675 111.177
1.0675 113.341
1.0675 111.185
1.0675 113.349
1.068 112.959
1.068 111.576
1.068 113.028
1.068 111.448
1.068 113.004
1.068 111.398
1.068 113.074
1.068 111.35
1.068 113.142
1.068 111.304
1.068 113.207
1.068 111.262
1.068 113.269
1.068 111.223
1.068 113.327
1.068 111.189
1.068 113.379
1.068 111.16
1.068 113.426
1.068 111.136
1.068 113.468
1.068 111.117
1.068 113.504
1.068 111.102
1.068 113.536
1.068 111.016
1.068 113.463
1.068 111.009
1.068 113.487
1.068 111.004
1.0685 113.79
1.0685 110.818
1.0685 113.798
1.0685 110.752
1.0685 113.702
1.0685 110.76
1.0685 113.711
1.0685 110.767
1.0685 113.72
1.0685 110.774
1.0685 113.729
1.0685 110.781
1.0685 113.738
1.0685 110.788
1.0685 113.747
1.0685 110.795
1.0685 113.756
1.0685 110.802
1.0685 113.765
1.0685 110.809
1.0685 113.775
1.0685 110.815
1.0685 113.784
1.0685 110.822
1.0685 113.793
1.0685 110.755
1.0685 113.699
1.0685 110.761
1.0685 113.708
1.0685 110.768
1.069 113.832
1.069 110.71
1.069 113.877
1.069 110.62
1.069 113.804
1.069 110.612
1.069 113.829
1.069 110.61
1.069 113.849
1.069 110.61
1.069 113.864
1.069 110.613
1.069 113.878
1.069 110.617
1.069 113.89
1.069 110.622
1.069 113.901
1.069 110.628
1.069 113.912
1.069 110.634
1.069 113.922
1.069 110.64
1.069 113.932
1.069 110.647
1.069 113.941
1.069 110.58
1.069 113.845
1.069 110.587
1.069 113.855
1.069 110.593
1.0695 110.483
1.0695 114.069
1.0695 110.49
1.0695 113.971
1.0695 110.424
1.0695 113.981
1.0695 110.431
1.0695 113.991
1.0695 110.437
1.0695 114.001
1.0695 110.444
1.0695 114.011
1.0695 110.45
1.0695 114.021
1.0695 110.457
1.0695 114.031
1.0695 110.463
1.0695 114.041
1.0695 110.47
1.0695 114.05
1.0695 110.476
1.0695 114.06
1.0695 110.483
1.0695 114.07
1.0695 110.489
1.0695 113.971
1.0695 110.424
1.0695 113.981
1.0695 110.43
1.0695 113.991
1.07 112.996
1.07 111.264
1.07 113.195
1.07 111.01
1.07 113.315
1.07 110.828
1.07 113.532
1.07 110.66
1.07 113.73
1.07 110.524
1.07 113.89
1.07 110.43
1.07 114.004
1.07 110.374
1.07 114.077
1.07 110.346
1.07 114.121
1.07 110.335
1.07 114.149
1.07 110.333
1.07 114.168
1.07 110.335
1.07 114.182
1.07 110.339
1.07 114.193
1.07 110.274
1.07 114.094
1.07 110.28
1.07 114.105
1.07 110.286
1.0705 114.246
1.0705 110.22
1.0705 114.286
1.0705 110.143
1.0705 114.196
1.0705 110.145
1.0705 114.212
1.0705 110.149
1.0705 114.224
1.0705 110.155
1.0705 114.235
1.0705 110.161
1.0705 114.245
1.0705 110.167
1.0705 114.256
1.0705 110.174
1.0705 114.266
1.0705 110.18
1.0705 114.276
1.0705 110.186
1.0705 114.286
1.0705 110.193
1.0705 114.296
1.0705 110.199
1.0705 114.306
1.0705 110.135
1.0705 114.204
1.0705 110.141
1.0705 114.215
1.0705 110.148
1.071 66.3244
1.071 76.4736
1.071 65.869
1.071 76.9618
1.071 65.297
1.071 77.4691
1.071 65.198
1.071 77.7164
1.071 65.1788
1.071 77.8287
1.071 65.1912
1.071 77.8875
1.071 65.2146
1.071 77.9278
1.071 65.2416
1.071 77.9621
1.071 65.2698
1.071 77.9943
1.071 65.2983
1.071 78.026
1.071 65.327
1.071 78.0574
1.071 65.3557
1.071 78.0888
1.071 65.3845
1.071 77.7747
1.071 65.0964
1.071 77.806
1.071 65.1251
1.071 77.8374
1.0715 78.3603
1.0715 65.0077
1.0715 78.3922
1.0715 64.7205
1.0715 78.0778
1.0715 64.7491
1.0715 78.1092
1.0715 64.7777
1.0715 78.1406
1.0715 64.8063
1.0715 78.1719
1.0715 64.835
1.0715 78.2033
1.0715 64.8636
1.0715 78.2347
1.0715 64.8923
1.0715 78.2661
1.0715 64.9209
1.0715 78.2974
1.0715 64.9496
1.0715 78.3288
1.0715 64.9782
1.0715 78.3602
1.0715 65.0069
1.0715 78.3916
1.0715 64.7197
1.0715 78.077
1.0715 64.7484
1.0715 78.1084
1.0715 64.777
1.072 64.6485
1.072 78.6445
1.072 64.6759
1.072 78.3316
1.072 64.3893
1.072 78.3634
1.072 64.4178
1.072 78.3949
1.072 64.4464
1.072 78.4263
1.072 64.4749
1.072 78.4577
1.072 64.5035
1.072 78.4891
1.072 64.532
1.072 78.5205
1.072 64.5606
1.072 78.552
1.072 64.5892
1.072 78.5834
1.072 64.6177
1.072 78.6148
1.072 64.6463
1.072 78.6462
1.072 64.6749
1.072 78.3313
1.072 64.3886
1.072 78.3627
1.072 64.4171
1.072 78.3941
1.0725 114.669
1.0725 109.712
1.0725 114.68
1.0725 109.65
1.0725 114.572
1.0725 109.656
1.0725 114.583
1.0725 109.663
1.0725 114.594
1.0725 109.669
1.0725 114.605
1.0725 109.675
1.0725 114.615
1.0725 109.681
1.0725 114.626
1.0725 109.688
1.0725 114.637
1.0725 109.694
1.0725 114.648
1.0725 109.7
1.0725 114.658
1.0725 109.706
1.0725 114.669
1.0725 109.712
1.0725 114.68
1.0725 109.65
1.0725 114.572
1.0725 109.656
1.0725 114.583
1.0725 109.663
1.073 53.4747
1.073 7.57171
1.073 53.0468
1.073 2.26473
1.073 45.6181
1.073 115.691
1.073 113.542
1.073 110.018
1.073 114.223
1.073 109.683
1.073 114.571
1.073 109.577
1.073 114.686
1.073 109.573
1.073 114.705
1.073 109.579
1.073 114.717
1.073 109.585
1.073 114.727
1.073 109.591
1.073 114.738
1.073 109.597
1.073 114.749
1.073 109.603
1.073 114.76
1.073 109.541
1.073 114.651
1.073 109.548
1.073 114.662
1.073 109.554
1.0735 109.494
1.0735 114.832
1.0735 109.501
1.0735 114.72
1.0735 109.44
1.0735 114.731
1.0735 109.446
1.0735 114.742
1.0735 109.452
1.0735 114.753
1.0735 109.458
1.0735 114.764
1.0735 109.465
1.0735 114.776
1.0735 109.471
1.0735 114.787
1.0735 109.477
1.0735 114.798
1.0735 109.483
1.0735 114.809
1.0735 109.489
1.0735 114.82
1.0735 109.495
1.0735 114.831
1.0735 109.501
1.0735 114.72
1.0735 109.44
1.0735 114.731
1.0735 109.446
1.0735 114.742
1.074 114.898
1.074 109.397
1.074 114.909
1.074 109.336
1.074 114.797
1.074 109.342
1.074 114.808
1.074 109.348
1.074 114.819
1.074 109.354
1.074 114.83
1.074 109.36
1.074 114.842
1.074 109.366
1.074 114.853
1.074 109.372
1.074 114.864
1.074 109.379
1.074 114.875
1.074 109.385
1.074 114.886
1.074 109.391
1.074 114.897
1.074 109.397
1.074 114.908
1.074 109.335
1.074 114.796
1.074 109.342
1.074 114.808
1.074 109.348
1.0745 79.7873
1.0745 63.1208
1.0745 79.8269
1.0745 62.8391
1.0745 79.5083
1.0745 62.8671
1.0745 79.5402
1.0745 62.8953
1.0745 79.5718
1.0745 62.9234
1.0745 79.6034
1.0745 62.9516
1.0745 79.635
1.0745 62.9798
1.0745 79.6666
1.0745 63.008
1.0745 79.6982
1.0745 63.0361
1.0745 79.7298
1.0745 63.0643
1.0745 79.7614
1.0745 63.0925
1.0745 79.793
1.0745 63.1207
1.0745 79.8247
1.0745 62.8382
1.0745 79.5078
1.0745 62.8664
1.0745 79.5394
1.0745 62.8946
1.075 -13.7372
1.075 120.328
1.075 90.8116
1.075 13.4944
1.075 68.3905
1.075 24.0229
1.075 97.1179
1.075 120.124
1.075 95.8098
1.075 46.1139
1.075 114.862
1.075 114.716
1.075 108.939
1.075 115.167
1.075 109.278
1.075 114.902
1.075 109.158
1.075 115.024
1.075 109.195
1.075 115.009
1.075 109.192
1.075 115.028
1.075 109.2
1.075 115.037
1.075 109.206
1.075 114.923
1.075 109.145
1.075 114.934
1.075 109.151
1.075 114.946
1.0755 62.5632
1.0755 80.1994
1.0755 62.5856
1.0755 79.8939
1.0755 62.3066
1.0755 79.921
1.0755 62.3338
1.0755 79.9544
1.0755 62.3621
1.0755 79.9855
1.0755 62.3901
1.0755 80.0174
1.0755 62.4181
1.0755 80.049
1.0755 62.4462
1.0755 80.0807
1.0755 62.4742
1.0755 80.1123
1.0755 62.5023
1.0755 80.144
1.0755 62.5303
1.0755 80.1757
1.0755 62.5584
1.0755 80.2074
1.0755 62.5864
1.0755 79.8898
1.0755 62.3053
1.0755 79.9215
1.0755 62.3333
1.0755 79.9532
1.076 115.13
1.076 109.006
1.076 115.179
1.076 108.966
1.076 115.045
1.076 108.963
1.076 115.064
1.076 108.973
1.076 115.073
1.076 108.977
1.076 115.086
1.076 108.984
1.076 115.097
1.076 108.99
1.076 115.109
1.076 108.996
1.076 115.12
1.076 109.002
1.076 115.132
1.076 109.008
1.076 115.144
1.076 109.014
1.076 115.156
1.076 109.02
1.076 115.167
1.076 108.959
1.076 115.05
1.076 108.966
1.076 115.061
1.076 108.972
1.0765 108.929
1.0765 115.219
1.0765 108.935
1.0765 115.101
1.0765 108.875
1.0765 115.113
1.0765 108.881
1.0765 115.125
1.0765 108.887
1.0765 115.137
1.0765 108.893
1.0765 115.148
1.0765 108.899
1.0765 115.16
1.0765 108.905
1.0765 115.172
1.0765 108.911
1.0765 115.184
1.0765 108.917
1.0765 115.196
1.0765 108.923
1.0765 115.208
1.0765 108.929
1.0765 115.219
1.0765 108.935
1.0765 115.1
1.0765 108.875
1.0765 115.112
1.0765 108.881
1.0765 115.124
1.077 -19.3317
1.077 106.784
1.077 48.1885
1.077 -19.372
1.077 106.963
1.077 48.2715
1.077 -19.3536
1.077 106.977
1.077 48.2645
1.077 -19.3403
1.077 106.973
1.077 48.2549
1.077 -19.3291
1.077 106.961
1.077 48.2442
1.077 -19.3187
1.077 106.947
1.077 48.2331
1.077 -19.3087
1.077 106.932
1.077 48.2219
1.077 -19.2988
1.077 106.916
1.077 48.2105
1.077 -19.289
1.077 107.019
1.077 48.2829
1.077 -19.351
1.077 107.003
1.077 48.2715
1.0775 106.408
1.0775 48.0969
1.0775 -19.4888
1.0775 106.494
1.0775 48.1665
1.0775 -19.5531
1.0775 106.473
1.0775 48.1546
1.0775 -19.5436
1.0775 106.455
1.0775 48.1432
1.0775 -19.5338
1.0775 106.438
1.0775 48.1319
1.0775 -19.5239
1.0775 106.422
1.0775 48.1206
1.0775 -19.514
1.0775 106.405
1.0775 48.1093
1.0775 -19.5041
1.0775 106.388
1.0775 48.0981
1.0775 -19.4942
1.0775 106.371
1.0775 48.1696
1.0775 -19.5571
1.0775 106.477
1.0775 48.1584
1.0775 -19.5472
1.078 105.999
1.078 48.017
1.078 -19.6508
1.078 106.106
1.078 48.088
1.078 -19.7146
1.078 106.089
1.078 48.0768
1.078 -19.7045
1.078 106.072
1.078 48.0656
1.078 -19.6945
1.078 106.055
1.078 48.0544
1.078 -19.6845
1.078 106.038
1.078 48.0433
1.078 -19.6744
1.078 106.021
1.078 48.0321
1.078 -19.6644
1.078 106.005
1.078 48.0209
1.078 -19.6544
1.078 105.988
1.078 48.0919
1.078 -19.7181
1.078 106.095
1.078 48.0807
1.078 -19.708
1.0785 105.694
1.0785 47.9611
1.0785 -19.789
1.0785 105.802
1.0785 48.0315
1.0785 -19.8535
1.0785 105.785
1.0785 48.0204
1.0785 -19.8434
1.0785 105.768
1.0785 48.0093
1.0785 -19.8332
1.0785 105.751
1.0785 47.9983
1.0785 -19.823
1.0785 105.734
1.0785 47.9872
1.0785 -19.8129
1.0785 105.717
1.0785 47.9761
1.0785 -19.8027
1.0785 105.7
1.0785 47.965
1.0785 -19.7926
1.0785 105.683
1.0785 48.0354
1.0785 -19.8571
1.0785 105.791
1.0785 48.0243
1.0785 -19.8469
1.079 105.441
1.079 47.9195
1.079 -19.9129
1.079 105.55
1.079 47.9894
1.079 -19.9781
1.079 105.533
1.079 47.9784
1.079 -19.9679
1.079 105.516
1.079 47.9674
1.079 -19.9576
1.079 105.499
1.079 47.9564
1.079 -19.9473
1.079 105.482
1.079 47.9454
1.079 -19.937
1.079 105.464
1.079 47.9344
1.079 -19.9268
1.079 105.447
1.079 47.9234
1.079 -19.9165
1.079 105.43
1.079 47.9933
1.079 -19.9817
1.079 105.539
1.079 47.9823
1.079 -19.9715
1.0795 105.226
1.0795 47.8887
1.0795 -20.0263
1.0795 105.336
1.0795 47.9582
1.0795 -20.0923
1.0795 105.319
1.0795 47.9472
1.0795 -20.0819
1.0795 105.302
1.0795 47.9363
1.0795 -20.0715
1.0795 105.284
1.0795 47.9253
1.0795 -20.0611
1.0795 105.267
1.0795 47.9144
1.0795 -20.0507
1.0795 105.25
1.0795 47.9035
1.0795 -20.0403
1.0795 105.232
1.0795 47.8925
1.0795 -20.0299
1.0795 105.215
1.0795 47.962
1.0795 -20.0959
1.0795 105.325
1.0795 47.9511
1.0795 -20.0855
1.08 105.041
1.08 47.8665
1.08 -20.1315
1.08 105.152
1.08 47.9355
1.08 -20.1982
1.08 105.134
1.08 47.9247
1.08 -20.1877
1.08 105.117
1.08 47.9138
1.08 -20.1772
1.08 105.1
1.08 47.9029
1.08 -20.1667
1.08 105.082
1.08 47.892
1.08 -20.1562
1.08 105.065
1.08 47.8812
1.08 -20.1457
1.08 105.047
1.08 47.8703
1.08 -20.1352
1.08 105.03
1.08 47.9393
1.08 -20.2019
1.08 105.14
1.08 47.9285
1.08 -20.1914
1.0805 104.88
1.0805 47.8515
1.0805 -20.23
1.0805 104.991
1.0805 47.9202
1.0805 -20.2974
1.0805 104.974
1.0805 47.9093
1.0805 -20.2868
1.0805 104.956
1.0805 47.8985
1.0805 -20.2762
1.0805 104.939
1.0805 47.8877
1.0805 -20.2656
1.0805 104.921
1.0805 47.8769
1.0805 -20.255
1.0805 104.904
1.0805 47.8661
1.0805 -20.2444
1.0805 104.886
1.0805 47.8553
1.0805 -20.2337
1.0805 104.869
1.0805 47.9239
1.0805 -20.3012
1.0805 104.98
1.0805 47.9131
1.0805 -20.2905
1.081 104.74
1.081 47.8427
1.081 -20.3228
1.081 104.852
1.081 47.911
1.081 -20.3909
1.081 104.834
1.081 47.9003
1.081 -20.3802
1.081 104.816
1.081 47.8895
1.081 -20.3695
1.081 104.799
1.081 47.8788
1.081 -20.3587
1.081 104.781
1.081 47.868
1.081 -20.348
1.081 104.764
1.081 47.8573
1.081 -20.3373
1.081 104.746
1.081 47.8465
1.081 -20.3266
1.081 104.728
1.081 47.9148
1.081 -20.3947
1.081 104.84
1.081 47.9041
1.081 -20.384
1.0815 104.617
1.0815 47.8395
1.0815 -20.4106
1.0815 104.729
1.0815 47.9075
1.0815 -20.4794
1.0815 104.712
1.0815 47.8968
1.0815 -20.4686
1.0815 104.694
1.0815 47.8861
1.0815 -20.4577
1.0815 104.677
1.0815 47.8754
1.0815 -20.4469
1.0815 104.659
1.0815 47.8647
1.0815 -20.4361
1.0815 104.641
1.0815 47.854
1.0815 -20.4252
1.0815 104.624
1.0815 47.8433
1.0815 -20.4144
1.0815 104.606
1.0815 47.9112
1.0815 -20.4832
1.0815 104.718
1.0815 47.9005
1.0815 -20.4724
1.082 104.511
1.082 47.8413
1.082 -20.4939
1.082 104.623
1.082 47.9089
1.082 -20.5635
1.082 104.606
1.082 47.8982
1.082 -20.5525
1.082 104.588
1.082 47.8876
1.082 -20.5416
1.082 104.57
1.082 47.8769
1.082 -20.5306
1.082 104.552
1.082 47.8663
1.082 -20.5197
1.082 104.535
1.082 47.8557
1.082 -20.5087
1.082 104.517
1.082 47.845
1.082 -20.4978
1.082 104.499
1.082 47.9126
1.082 -20.5673
1.082 104.612
1.082 47.9019
1.082 -20.5564
1.0825 104.418
1.0825 47.8475
1.0825 -20.5732
1.0825 104.531
1.0825 47.9148
1.0825 -20.6435
1.0825 104.513
1.0825 47.9042
1.0825 -20.6324
1.0825 104.496
1.0825 47.8936
1.0825 -20.6213
1.0825 104.478
1.0825 47.883
1.0825 -20.6103
1.0825 104.46
1.0825 47.8724
1.0825 -20.5992
1.0825 104.442
1.0825 47.8619
1.0825 -20.5881
1.0825 104.424
1.0825 47.8512
1.0825 -20.5771
1.0825 104.406
1.0825 47.9185
1.0825 -20.6474
1.0825 104.519
1.0825 47.9079
1.0825 -20.6363
1.083 104.339
1.083 47.858
1.083 -20.6488
1.083 104.452
1.083 47.9249
1.083 -20.7198
1.083 104.434
1.083 47.9144
1.083 -20.7086
1.083 104.416
1.083 47.9039
1.083 -20.6974
1.083 104.398
1.083 47.8933
1.083 -20.6862
1.083 104.381
1.083 47.8828
1.083 -20.675
1.083 104.363
1.083 47.8722
1.083 -20.6639
1.083 104.345
1.083 47.8617
1.083 -20.6527
1.083 104.327
1.083 47.9286
1.083 -20.7237
1.083 104.44
1.083 47.9181
1.083 -20.7125
1.0835 104.271
1.0835 47.8723
1.0835 -20.7209
1.0835 104.384
1.0835 47.939
1.0835 -20.7926
1.0835 104.366
1.0835 47.9285
1.0835 -20.7813
1.0835 104.349
1.0835 47.918
1.0835 -20.77
1.0835 104.331
1.0835 47.9075
1.0835 -20.7587
1.0835 104.313
1.0835 47.897
1.0835 -20.7474
1.0835 104.295
1.0835 47.8865
1.0835 -20.7361
1.0835 104.277
1.0835 47.876
1.0835 -20.7248
1.0835 104.259
1.0835 47.9426
1.0835 -20.7965
1.0835 104.373
1.0835 47.9322
1.0835 -20.7852
1.084 104.214
1.084 47.8903
1.084 -20.7897
1.084 104.328
1.084 47.9566
1.084 -20.8621
1.084 104.31
1.084 47.9462
1.084 -20.8507
1.084 104.292
1.084 47.9358
1.084 -20.8393
1.084 104.274
1.084 47.9253
1.084 -20.8279
1.084 104.256
1.084 47.9149
1.084 -20.8165
1.084 104.238
1.084 47.9044
1.084 -20.8051
1.084 104.22
1.084 47.8939
1.084 -20.7937
1.084 104.202
1.084 47.9603
1.084 -20.8661
1.084 104.316
1.084 47.9499
1.084 -20.8547
1.0845 104.168
1.0845 47.9117
1.0845 -20.8554
1.0845 104.282
1.0845 47.9778
1.0845 -20.9286
1.0845 104.264
1.0845 47.9674
1.0845 -20.917
1.0845 104.246
1.0845 47.957
1.0845 -20.9055
1.0845 104.228
1.0845 47.9466
1.0845 -20.894
1.0845 104.21
1.0845 47.9362
1.0845 -20.8825
1.0845 104.192
1.0845 47.9257
1.0845 -20.8709
1.0845 104.174
1.0845 47.9153
1.0845 -20.8594
1.0845 104.156
1.0845 47.9814
1.0845 -20.9326
1.0845 104.27
1.0845 47.971
1.0845 -20.9211
1.085 104.131
1.085 47.9363
1.085 -20.9181
1.085 104.245
1.085 48.0021
1.085 -20.992
1.085 104.227
1.085 47.9918
1.085 -20.9804
1.085 104.209
1.085 47.9814
1.085 -20.9688
1.085 104.191
1.085 47.9711
1.085 -20.9571
1.085 104.173
1.085 47.9607
1.085 -20.9455
1.085 104.155
1.085 47.9503
1.085 -20.9338
1.085 104.137
1.085 47.94
1.085 -20.9222
1.085 104.119
1.085 48.0058
1.085 -20.9961
1.085 104.233
1.085 47.9954
1.085 -20.9845
1.0855 104.104
1.0855 47.964
1.0855 -20.978
1.0855 104.218
1.0855 48.0296
1.0855 -21.0527
1.0855 104.2
1.0855 48.0193
1.0855 -21.0409
1.0855 104.182
1.0855 48.009
1.0855 -21.0291
1.0855 104.164
1.0855 47.9987
1.0855 -21.0174
1.0855 104.146
1.0855 47.9883
1.0855 -21.0056
1.0855 104.128
1.0855 47.978
1.0855 -20.9939
1.0855 104.11
1.0855 47.9677
1.0855 -20.9821
1.0855 104.092
1.0855 48.0332
1.0855 -21.0568
1.0855 104.206
1.0855 48.0229
1.0855 -21.045
1.086 104.085
1.086 47.9947
1.086 -21.0352
1.086 104.199
1.086 48.06
1.086 -21.1105
1.086 104.181
1.086 48.0498
1.086 -21.0986
1.086 104.163
1.086 48.0395
1.086 -21.0868
1.086 104.145
1.086 48.0292
1.086 -21.0749
1.086 104.127
1.086 48.0189
1.086 -21.063
1.086 104.109
1.086 48.0086
1.086 -21.0512
1.086 104.091
1.086 47.9983
1.086 -21.0393
1.086 104.073
1.086 48.0636
1.086 -21.1147
1.086 104.187
1.086 48.0534
1.086 -21.1028
1.0865 104.075
1.0865 48.0282
1.0865 -21.0896
1.0865 104.189
1.0865 48.0933
1.0865 -21.1657
1.0865 104.171
1.0865 48.083
1.0865 -21.1537
1.0865 104.153
1.0865 48.0728
1.0865 -21.1417
1.0865 104.135
1.0865 48.0625
1.0865 -21.1297
1.0865 104.117
1.0865 48.0523
1.0865 -21.1178
1.0865 104.099
1.0865 48.042
1.0865 -21.1058
1.0865 104.081
1.0865 48.0318
1.0865 -21.0938
1.0865 104.063
1.0865 48.0969
1.0865 -21.1699
1.0865 104.177
1.0865 48.0866
1.0865 -21.1579
1.087 104.072
1.087 48.0643
1.087 -21.1414
1.087 104.186
1.087 48.1292
1.087 -21.2183
1.087 104.168
1.087 48.119
1.087 -21.2062
1.087 104.151
1.087 48.1088
1.087 -21.1941
1.087 104.133
1.087 48.0986
1.087 -21.182
1.087 104.115
1.087 48.0884
1.087 -21.1699
1.087 104.097
1.087 48.0781
1.087 -21.1578
1.087 104.078
1.087 48.0679
1.087 -21.1457
1.087 104.06
1.087 48.1328
1.087 -21.2225
1.087 104.175
1.087 48.1226
1.087 -21.2104
1.0875 104.078
1.0875 48.1031
1.0875 -21.1907
1.0875 104.192
1.0875 48.1677
1.0875 -21.2683
1.0875 104.174
1.0875 48.1575
1.0875 -21.2561
1.0875 104.156
1.0875 48.1474
1.0875 -21.2439
1.0875 104.138
1.0875 48.1372
1.0875 -21.2316
1.0875 104.12
1.0875 48.127
1.0875 -21.2194
1.0875 104.102
1.0875 48.1168
1.0875 -21.2072
1.0875 104.084
1.0875 48.1066
1.0875 -21.195
1.0875 104.066
1.0875 48.1713
1.0875 -21.2726
1.0875 104.18
1.0875 48.1611
1.0875 -21.2604
1.088 104.09
1.088 48.1443
1.088 -21.2375
1.088 104.204
1.088 48.2087
1.088 -21.3158
1.088 104.187
1.088 48.1986
1.088 -21.3035
1.088 104.169
1.088 48.1884
1.088 -21.2911
1.088 104.151
1.088 48.1783
1.088 -21.2788
1.088 104.133
1.088 48.1681
1.088 -21.2665
1.088 104.115
1.088 48.158
1.088 -21.2541
1.088 104.097
1.088 48.1478
1.088 -21.2418
1.088 104.078
1.088 48.2122
1.088 -21.3202
1.088 104.193
1.088 48.2021
1.088 -21.3078
1.0885 104.11
1.0885 48.1878
1.0885 -21.2818
1.0885 104.224
1.0885 48.252
1.0885 -21.3609
1.0885 104.206
1.0885 48.2419
1.0885 -21.3484
1.0885 104.189
1.0885 48.2318
1.0885 -21.336
1.0885 104.171
1.0885 48.2217
1.0885 -21.3235
1.0885 104.153
1.0885 48.2116
1.0885 -21.311
1.0885 104.135
1.0885 48.2015
1.0885 -21.2986
1.0885 104.116
1.0885 48.1914
1.0885 -21.2861
1.0885 104.098
1.0885 48.2556
1.0885 -21.3653
1.0885 104.213
1.0885 48.2455
1.0885 -21.3528
1.089 104.137
1.089 48.2337
1.089 -21.3236
1.089 104.251
1.089 48.2977
1.089 -21.4035
1.089 104.233
1.089 48.2876
1.089 -21.3909
1.089 104.215
1.089 48.2775
1.089 -21.3784
1.089 104.197
1.089 48.2675
1.089 -21.3658
1.089 104.179
1.089 48.2574
1.089 -21.3532
1.089 104.161
1.089 48.2473
1.089 -21.3406
1.089 104.143
1.089 48.2372
1.089 -21.3281
1.089 104.125
1.089 48.3012
1.089 -21.4079
1.089 104.239
1.089 48.2911
1.089 -21.3954
1.0895 104.171
1.0895 48.2817
1.0895 -21.3631
1.0895 104.285
1.0895 48.3455
1.0895 -21.4438
1.0895 104.267
1.0895 48.3355
1.0895 -21.4311
1.0895 104.249
1.0895 48.3254
1.0895 -21.4184
1.0895 104.231
1.0895 48.3154
1.0895 -21.4057
1.0895 104.213
1.0895 48.3053
1.0895 -21.393
1.0895 104.195
1.0895 48.2953
1.0895 -21.3803
1.0895 104.177
1.0895 48.2852
1.0895 -21.3676
1.0895 104.159
1.0895 48.349
1.0895 -21.4482
1.0895 104.273
1.0895 48.339
1.0895 -21.4355
1.09 104.211
1.09 48.3318
1.09 -21.4003
1.09 104.325
1.09 48.3954
1.09 -21.4817
1.09 104.307
1.09 48.3854
1.09 -21.4689
1.09 104.289
1.09 48.3754
1.09 -21.456
1.09 104.271
1.09 48.3654
1.09 -21.4432
1.09 104.253
1.09 48.3553
1.09 -21.4304
1.09 104.235
1.09 48.3453
1.09 -21.4176
1.09 104.217
1.09 48.3353
1.09 -21.4048
1.09 104.199
1.09 48.3989
1.09 -21.4862
1.09 104.313
1.09 48.3889
1.09 -21.4734
1.0905 104.257
1.0905 48.3839
1.0905 -21.4351
1.0905 104.371
1.0905 48.4473
1.0905 -21.5173
1.0905 104.353
1.0905 48.4373
1.0905 -21.5043
1.0905 104.335
1.0905 48.4274
1.0905 -21.4914
1.0905 104.317
1.0905 48.4174
1.0905 -21.4784
1.0905 104.299
1.0905 48.4074
1.0905 -21.4655
1.0905 104.281
1.0905 48.3974
1.0905 -21.4526
1.0905 104.263
1.0905 48.3874
1.0905 -21.4396
1.0905 104.245
1.0905 48.4508
1.0905 -21.5218
1.0905 104.359
1.0905 48.4408
1.0905 -21.5089
1.091 104.31
1.091 48.4379
1.091 -21.4676
1.091 104.423
1.091 48.5012
1.091 -21.5506
1.091 104.405
1.091 48.4912
1.091 -21.5375
1.091 104.387
1.091 48.4813
1.091 -21.5244
1.091 104.37
1.091 48.4713
1.091 -21.5114
1.091 104.352
1.091 48.4613
1.091 -21.4983
1.091 104.334
1.091 48.4514
1.091 -21.4852
1.091 104.316
1.091 48.4414
1.091 -21.4722
1.091 104.298
1.091 48.5046
1.091 -21.5551
1.091 104.412
1.091 48.4947
1.091 -21.5421
1.0915 104.368
1.0915 48.4937
1.0915 -21.4979
1.0915 104.481
1.0915 48.5568
1.0915 -21.5816
1.0915 104.464
1.0915 48.5469
1.0915 -21.5684
1.0915 104.446
1.0915 48.537
1.0915 -21.5552
1.0915 104.428
1.0915 48.5271
1.0915 -21.542
1.0915 104.41
1.0915 48.5171
1.0915 -21.5288
1.0915 104.392
1.0915 48.5072
1.0915 -21.5157
1.0915 104.374
1.0915 48.4972
1.0915 -21.5025
1.0915 104.356
1.0915 48.5603
1.0915 -21.5862
1.0915 104.47
1.0915 48.5504
1.0915 -21.573
1.092 104.432
1.092 48.5513
1.092 -21.5259
1.092 104.546
1.092 48.6143
1.092 -21.6104
1.092 104.528
1.092 48.6044
1.092 -21.5971
1.092 104.51
1.092 48.5945
1.092 -21.5838
1.092 104.492
1.092 48.5846
1.092 -21.5705
1.092 104.474
1.092 48.5746
1.092 -21.5572
1.092 104.456
1.092 48.5647
1.092 -21.5438
1.092 104.439
1.092 48.5548
1.092 -21.5305
1.092 104.421
1.092 48.6177
1.092 -21.6151
1.092 104.534
1.092 48.6078
1.092 -21.6017
1.0925 104.502
1.0925 48.6106
1.0925 -21.5517
1.0925 104.615
1.0925 48.6734
1.0925 -21.637
1.0925 104.598
1.0925 48.6635
1.0925 -21.6235
1.0925 104.58
1.0925 48.6536
1.0925 -21.6101
1.0925 104.562
1.0925 48.6437
1.0925 -21.5967
1.0925 104.544
1.0925 48.6338
1.0925 -21.5833
1.0925 104.526
1.0925 48.6239
1.0925 -21.5698
1.0925 104.508
1.0925 48.614
1.0925 -21.5564
1.0925 104.491
1.0925 48.6768
1.0925 -21.6417
1.0925 104.604
1.0925 48.667
1.0925 -21.6283
1.093 104.578
1.093 48.6714
1.093 -21.5753
1.093 104.69
1.093 48.7341
1.093 -21.6614
1.093 104.673
1.093 48.7242
1.093 -21.6478
1.093 104.655
1.093 48.7144
1.093 -21.6343
1.093 104.637
1.093 48.7045
1.093 -21.6207
1.093 104.619
1.093 48.6946
1.093 -21.6072
1.093 104.602
1.093 48.6848
1.093 -21.5936
1.093 104.584
1.093 48.6749
1.093 -21.5801
1.093 104.566
1.093 48.7375
1.093 -21.6661
1.093 104.679
1.093 48.7277
1.093 -21.6526
1.0935 87.3458
1.0935 59.6928
1.0935 73.3459
1.0935 51.7188
1.0935 95.2252
1.0935 78.2667
1.0935 50.5292
1.0935 98.7236
1.0935 88.5652
1.0935 61.5434
1.0935 68.1406
1.0935 56.5572
1.0935 81.5977
1.0935 52.7032
1.0935 92.674
1.0935 71.1247
1.0935 52.9437
1.0935 92.351
1.0935 70.2419
1.0935 53.8676
1.0935 89.8044
1.0935 64.3645
1.0935 62.6925
1.0935 66.6297
1.0935 59.2293
1.0935 74.6723
1.0935 51.0174
1.0935 97.2867
1.0935 84.2738
1.0935 54.9097
1.094 113.936
1.094 104.869
1.094 114.84
1.094 114.087
1.094 104.265
1.094 113.327
1.094 115.813
1.094 103.597
1.094 111.144
1.094 116.114
1.094 109.326
1.094 113.495
1.094 105.468
1.094 115.704
1.094 111.435
1.094 109.425
1.094 113.423
1.094 105.644
1.094 115.922
1.094 110.721
1.094 110.948
1.094 110.58
1.094 111.326
1.094 109.829
1.094 112.783
1.094 106.844
1.094 116.186
1.094 105.644
1.094 115.852
1.094 110.471
1.0945 -21.6428
1.0945 104.829
1.0945 48.8593
1.0945 -21.7312
1.0945 104.941
1.0945 48.9216
1.0945 -21.7172
1.0945 104.924
1.0945 48.9118
1.0945 -21.7033
1.0945 104.906
1.0945 48.902
1.0945 -21.6894
1.0945 104.889
1.0945 48.8922
1.0945 -21.6755
1.0945 104.871
1.0945 48.8824
1.0945 -21.6616
1.0945 104.853
1.0945 48.8726
1.0945 -21.6476
1.0945 104.835
1.0945 48.8628
1.0945 -21.6337
1.0945 104.948
1.0945 48.925
1.0945 -21.7221
1.0945 104.93
1.0945 48.9153
1.095 70.8699
1.095 52.2398
1.095 93.9135
1.095 73.4087
1.095 50.0347
1.095 99.3571
1.095 90.5364
1.095 65.1446
1.095 59.4743
1.095 72.4323
1.095 51.1504
1.095 96.4253
1.095 81.3442
1.095 51.2183
1.095 96.1874
1.095 80.5395
1.095 50.6689
1.095 97.982
1.095 85.8794
1.095 56.2434
1.095 81.4534
1.095 51.7561
1.095 95.0163
1.095 76.8814
1.095 49.5586
1.095 101.314
1.095 96.621
1.095 81.3796
1.095 51.243
1.095 95.7373
1.0955 51.718
1.0955 94.8725
1.0955 76.353
1.0955 48.9867
1.0955 101.999
1.0955 98.6652
1.0955 87.5573
1.0955 58.9302
1.0955 72.9429
1.0955 50.4666
1.0955 98.1026
1.0955 86.4528
1.0955 56.9857
1.0955 78.5631
1.0955 49.8716
1.0955 99.9764
1.0955 92.1261
1.0955 68.5183
1.0955 54.2889
1.0955 87.2089
1.0955 58.6628
1.0955 74.3381
1.0955 50.0723
1.0955 99.8967
1.0955 91.6125
1.0955 66.7418
1.0955 56.2933
1.0955 80.547
1.0955 50.8119
1.0955 96.7547
1.096 -21.6828
1.096 105.131
1.096 49.0619
1.096 -21.7735
1.096 105.242
1.096 49.1238
1.096 -21.7592
1.096 105.225
1.096 49.1141
1.096 -21.7449
1.096 105.207
1.096 49.1043
1.096 -21.7306
1.096 105.19
1.096 49.0946
1.096 -21.7163
1.096 105.172
1.096 49.0848
1.096 -21.702
1.096 105.155
1.096 49.0751
1.096 -21.6878
1.096 105.137
1.096 49.0653
1.096 -21.6735
1.096 105.248
1.096 49.1272
1.096 -21.7642
1.096 105.231
1.096 49.1175
1.0965 102.607
1.0965 107.056
1.0965 110.761
1.0965 115.863
1.0965 110.278
1.0965 111.297
1.0965 109.225
1.0965 113.419
1.0965 104.821
1.0965 114.966
1.0965 113.381
1.0965 104.747
1.0965 114.84
1.0965 113.753
1.0965 104.091
1.0965 113.243
1.0965 116.026
1.0965 102.795
1.0965 108.059
1.0965 112.763
1.0965 116.355
1.0965 103.878
1.0965 112.621
1.0965 116.44
1.0965 104.351
1.0965 113.763
1.0965 115.316
1.0965 102.249
1.0965 105.044
1.0965 106.414
1.097 48.9896
1.097 102.275
1.097 98.9852
1.097 87.4974
1.097 58.2656
1.097 73.4018
1.097 49.1199
1.097 101.092
1.097 95.8819
1.097 78.7969
1.097 48.5658
1.097 102.764
1.097 100.805
1.097 94.0116
1.097 73.2197
1.097 48.9266
1.097 102.104
1.097 98.6903
1.097 87.1694
1.097 57.4404
1.097 76.5026
1.097 48.6502
1.097 103.12
1.097 101.517
1.097 95.8726
1.097 77.8932
1.097 48.2263
1.097 103.439
1.097 102.916
1.097 100.637
1.0975 53.6656
1.0975 87.6059
1.0975 58.4825
1.0975 73.1374
1.0975 48.8556
1.0975 101.514
1.0975 97.2683
1.0975 83.0517
1.0975 51.4617
1.0975 93.6741
1.0975 73.0143
1.0975 48.6002
1.0975 102.6
1.0975 100.326
1.0975 92.4815
1.0975 68.9524
1.0975 52.1576
1.0975 92.2927
1.0975 69.0547
1.0975 52.1319
1.0975 92.5353
1.0975 69.6053
1.0975 51.5996
1.0975 94.3241
1.0975 74.424
1.0975 48.0025
1.0975 103.867
1.0975 104.171
1.0975 104.271
1.0975 104.514
1.098 113.14
1.098 116.205
1.098 102.422
1.098 106.025
1.098 109.029
1.098 114.539
1.098 114.13
1.098 102.862
1.098 108.7
1.098 114.043
1.098 115.045
1.098 101.78
1.098 102.351
1.098 98.7811
1.098 87.5545
1.098 57.784
1.098 74.5411
1.098 48.2015
1.098 103.763
1.098 103.543
1.098 102.16
1.098 97.9972
1.098 84.7856
1.098 53.2356
1.098 88.6566
1.098 59.9956
1.098 68.0018
1.098 53.1003
1.098 88.4573
1.098 60.2448
1.0985 76.7386
1.0985 47.2561
1.0985 106.384
1.0985 109.756
1.0985 115.412
1.0985 111.906
1.0985 107.306
1.0985 115.935
1.0985 102.193
1.0985 105.159
1.0985 106.843
1.0985 110.781
1.0985 116.193
1.0985 108.887
1.0985 113.83
1.0985 103.505
1.0985 111.605
1.0985 116.511
1.0985 106.292
1.0985 116.492
1.0985 105.477
1.0985 116.151
1.0985 109.482
1.0985 112.813
1.0985 105.635
1.0985 116.096
1.0985 108.737
1.0985 113.998
1.0985 103.115
1.0985 109.987
1.099 108.571
1.099 114.409
1.099 102.479
1.099 106.552
1.099 110.315
1.099 115.921
1.099 109.949
1.099 111.622
1.099 107.99
1.099 115.177
1.099 101.583
1.099 101.23
1.099 95.3896
1.099 76.9075
1.099 46.8526
1.099 106.835
1.099 111.225
1.099 116.435
1.099 107.364
1.099 115.96
1.099 101.904
1.099 103.391
1.099 101.691
1.099 96.5276
1.099 80.0175
1.099 47.7686
1.099 103.731
1.099 103.929
1.099 103.744
1.099 103.19
1.0995 102.505
1.0995 107.132
1.0995 111.24
1.0995 116.302
1.0995 107.429
1.0995 115.755
1.0995 101.466
1.0995 100.549
1.0995 93.3737
1.0995 71.076
1.0995 48.3979
1.0995 102.22
1.0995 99.3453
1.0995 89.3735
1.0995 60.9121
1.0995 65.0558
1.0995 56.8834
1.0995 76.5357
1.0995 46.9883
1.0995 106.465
1.0995 110.436
1.0995 116.039
1.0995 110.144
1.0995 111.296
1.0995 108.809
1.0995 113.924
1.0995 102.866
1.0995 109.037
1.0995 114.664
1.0995 113.833
1.1 103.492
1.1 111.868
1.1 116.642
1.1 104.934
1.1 115.533
1.1 111.332
1.1 108.298
1.1 114.647
1.1 101.617
1.1 101.727
1.1 97.071
1.1 82.0841
1.1 49.1118
1.1 99.7057
1.1 91.3276
1.1 65.3345
1.1 55.4607
1.1 80.4199
1.1 48.1574
1.1 102.888
1.1 101.143
1.1 94.9038
1.1 74.9972
1.1 46.3654
1.1 108.171
1.1 113.354
1.1 115.706
1.1 100.79
1.1 95.3851
1.1 76.893
