19.9924329312 1.0
29.0853013321 155.079022888
28.6196903571 155.188453232
28.153752537 155.296819855
29.2397341365 155.04247648
28.7742342283 155.152257606
28.3084064197 155.260977645
29.3941359558 155.005812805
28.9287455627 155.115944295
28.4630262137 155.225017331
29.5485012016 154.969033448
29.0832206712 155.079514424
28.6176101327 155.188939585
28.1516727673 155.297300998
29.2376594386 155.042968282
28.7721580611 155.152744695
28.3063287979 155.261459986
29.3920617483 155.006306163
28.9266698812 155.116432952
