1 108.872
1 108.888
1 108.904
1 108.919
1 0
1 0
1 0
1 0
1 0
1 0
1 0
1 0
1 0
1 0
1 5.14322e-321
1 13.9
1 9.49
1 7.03
1 9.19
1 9.26
1 9.28
1 9.28
1 9.3
1 9.3
1 9.31
1 9.32
1 9.33
1 9.33
1 9.34
1 9.35
1 9.35
1 9.35
1 9.36
1 9.37
1 9.37
1 9.37
1 9.37
1 9.38
1 9.38
1 9.38
1 9.38
1 9.38
1 9.39
1 9.4
1 9.4
1 9.4
1 9.4
1 9.4
1 9.4
1 9.41
1.00005 108.872
1.00005 108.888
1.00005 108.904
1.00005 108.919
1.00005 0
1.00005 0
1.00005 0
1.00005 0
1.00005 0
1.00005 0
1.00005 0
1.00005 5.13828e-321
1.00005 13.9
1.00005 9.49
1.00005 5.14322e-321
1.00005 10.27
1.00005 5.85
1.00005 11.85
1.00005 10.46
1.00005 9.58
1.00005 9.57
1.00005 9.56
1.00005 9.55
1.00005 9.54
1.00005 9.54
1.00005 9.52
1.00005 9.52
1.00005 9.52
1.00005 9.5
1.00005 9.5
1.00005 9.5
1.00005 9.5
1.00005 9.49
1.00005 9.48
1.00005 9.48
1.00005 9.48
1.00005 9.47
1.00005 9.47
1.00005 9.47
1.00005 9.47
1.00005 9.47
1.00005 9.46
1.00005 9.45
1.00005 9.45
1.00005 9.45
1.00005 9.45
1.00005 9.45
1.00005 9.45
1.00005 9.45
1.00005 9.44
1.0001 108.873
1.0001 108.889
1.0001 108.904
1.0001 108.919
1.0001 0
1.0001 0
1.0001 0
1.0001 0
1.0001 0
1.0001 0
1.0001 0
1.0001 5.13828e-321
1.0001 13.9
1.0001 9.49
1.0001 5.14322e-321
1.0001 10.27
1.0001 5.85
1.0001 11.85
1.0001 10.45
1.0001 9.58
1.0001 9.56
1.0001 9.55
1.0001 9.54
1.0001 9.53
1.0001 9.53
1.0001 9.52
1.0001 9.52
1.0001 9.5
1.0001 9.5
1.0001 9.5
1.0001 9.5
1.0001 9.49
1.0001 9.48
1.0001 9.48
1.0001 9.48
1.0001 9.47
1.0001 9.47
1.0001 9.47
1.0001 9.47
1.0001 9.47
1.0001 9.47
1.0001 9.45
1.0001 9.45
1.0001 9.45
1.0001 9.45
1.0001 9.45
1.0001 9.45
1.0001 9.45
1.0001 9.44
1.0001 9.44
1.00015 108.874
1.00015 108.89
1.00015 108.905
1.00015 108.92
1.00015 0
1.00015 0
1.00015 0
1.00015 0
1.00015 0
1.00015 0
1.00015 0
1.00015 5.13828e-321
1.00015 13.9
1.00015 9.49
1.00015 5.14322e-321
1.00015 10.27
1.00015 5.84
1.00015 11.86
1.00015 10.45
1.00015 9.56
1.00015 9.55
1.00015 9.54
1.00015 9.53
1.00015 9.52
1.00015 9.52
1.00015 9.51
1.00015 9.5
1.00015 9.5
1.00015 9.5
1.00015 9.5
1.00015 9.48
1.00015 9.48
1.00015 9.48
1.00015 9.48
1.00015 9.47
1.00015 9.47
1.00015 9.47
1.00015 9.47
1.00015 9.47
1.00015 9.46
1.00015 9.45
1.00015 9.45
1.00015 9.45
1.00015 9.45
1.00015 9.45
1.00015 9.45
1.00015 9.45
1.00015 9.45
1.00015 9.44
1.00015 9.44
1.0002 108.876
1.0002 108.891
1.0002 108.906
1.0002 108.921
1.0002 0
1.0002 0
1.0002 0
1.0002 0
1.0002 0
1.0002 0
1.0002 0
1.0002 5.13828e-321
1.0002 13.9
1.0002 9.49
1.0002 5.14322e-321
1.0002 10.27
1.0002 5.84
1.0002 11.88
1.0002 10.44
1.0002 9.55
1.0002 9.53
1.0002 9.53
1.0002 9.52
1.0002 9.51
1.0002 9.51
1.0002 9.5
1.0002 9.5
1.0002 9.5
1.0002 9.49
1.0002 9.48
1.0002 9.48
1.0002 9.48
1.0002 9.48
1.0002 9.47
1.0002 9.47
1.0002 9.47
1.0002 9.46
1.0002 9.46
1.0002 9.46
1.0002 9.45
1.0002 9.45
1.0002 9.45
1.0002 9.45
1.0002 9.45
1.0002 9.45
1.0002 9.45
1.0002 9.45
1.0002 9.44
1.0002 9.44
1.0002 9.44
1.00025 108.878
1.00025 108.893
1.00025 108.907
1.00025 108.922
1.00025 0
1.00025 0
1.00025 0
1.00025 0
1.00025 0
1.00025 0
1.00025 0
1.00025 5.13828e-321
1.00025 13.9
1.00025 9.49
1.00025 5.14322e-321
1.00025 10.27
1.00025 5.83
1.00025 11.88
1.00025 10.45
1.00025 9.54
1.00025 9.53
1.00025 9.51
1.00025 9.51
1.00025 9.51
1.00025 9.5
1.00025 9.5
1.00025 9.49
1.00025 9.49
1.00025 9.48
1.00025 9.48
1.00025 9.48
1.00025 9.48
1.00025 9.47
1.00025 9.47
1.00025 9.46
1.00025 9.46
1.00025 9.46
1.00025 9.46
1.00025 9.46
1.00025 9.45
1.00025 9.45
1.00025 9.45
1.00025 9.45
1.00025 9.45
1.00025 9.45
1.00025 9.45
1.00025 9.45
1.00025 9.44
1.00025 9.44
1.00025 9.44
1.0003 108.88
1.0003 108.895
1.0003 108.909
1.0003 108.924
1.0003 0
1.0003 0
1.0003 0
1.0003 0
1.0003 0
1.0003 0
1.0003 0
1.0003 5.13828e-321
1.0003 13.9
1.0003 9.49
1.0003 5.14322e-321
1.0003 10.27
1.0003 5.83
1.0003 11.9
1.0003 10.44
1.0003 9.52
1.0003 9.51
1.0003 9.51
1.0003 9.5
1.0003 9.49
1.0003 9.49
1.0003 9.49
1.0003 9.48
1.0003 9.48
1.0003 9.48
1.0003 9.48
1.0003 9.48
1.0003 9.46
1.0003 9.46
1.0003 9.46
1.0003 9.46
1.0003 9.46
1.0003 9.46
1.0003 9.45
1.0003 9.45
1.0003 9.45
1.0003 9.45
1.0003 9.45
1.0003 9.45
1.0003 9.45
1.0003 9.45
1.0003 9.45
1.0003 9.44
1.0003 9.44
1.0003 9.44
1.0003 9.44
1.00035 108.884
1.00035 108.898
1.00035 108.912
1.00035 108.926
1.00035 0
1.00035 0
1.00035 0
1.00035 0
1.00035 0
1.00035 0
1.00035 0
1.00035 5.13828e-321
1.00035 13.9
1.00035 9.49
1.00035 5.14322e-321
1.00035 10.27
1.00035 5.82
1.00035 11.91
1.00035 10.44
1.00035 9.51
1.00035 9.49
1.00035 9.49
1.00035 9.49
1.00035 9.49
1.00035 9.48
1.00035 9.48
1.00035 9.48
1.00035 9.47
1.00035 9.47
1.00035 9.46
1.00035 9.46
1.00035 9.46
1.00035 9.46
1.00035 9.46
1.00035 9.46
1.00035 9.46
1.00035 9.45
1.00035 9.45
1.00035 9.45
1.00035 9.45
1.00035 9.45
1.00035 9.45
1.00035 9.45
1.00035 9.45
1.00035 9.45
1.00035 9.44
1.00035 9.44
1.00035 9.44
1.00035 9.44
1.00035 9.44
1.0004 108.887
1.0004 108.901
1.0004 108.915
1.0004 108.929
1.0004 0
1.0004 0
1.0004 0
1.0004 0
1.0004 0
1.0004 0
1.0004 0
1.0004 5.13828e-321
1.0004 13.9
1.0004 9.49
1.0004 5.14322e-321
1.0004 10.27
1.0004 5.82
1.0004 11.92
1.0004 10.43
1.0004 9.5
1.0004 9.49
1.0004 9.49
1.0004 9.48
1.0004 9.47
1.0004 9.47
1.0004 9.47
1.0004 9.47
1.0004 9.46
1.0004 9.46
1.0004 9.46
1.0004 9.46
1.0004 9.46
1.0004 9.46
1.0004 9.46
1.0004 9.45
1.0004 9.45
1.0004 9.45
1.0004 9.45
1.0004 9.45
1.0004 9.45
1.0004 9.45
1.0004 9.45
1.0004 9.44
1.0004 9.44
1.0004 9.43
1.0004 9.43
1.0004 9.43
1.0004 9.44
1.0004 9.44
1.0004 9.44
1.00045 108.892
1.00045 108.905
1.00045 108.919
1.00045 108.932
1.00045 0
1.00045 0
1.00045 0
1.00045 0
1.00045 0
1.00045 0
1.00045 0
1.00045 5.13828e-321
1.00045 13.9
1.00045 9.49
1.00045 5.14322e-321
1.00045 10.27
1.00045 5.82
1.00045 11.93
1.00045 10.42
1.00045 9.49
1.00045 9.47
1.00045 9.47
1.00045 9.47
1.00045 9.47
1.00045 9.47
1.00045 9.46
1.00045 9.46
1.00045 9.46
1.00045 9.46
1.00045 9.46
1.00045 9.45
1.00045 9.45
1.00045 9.44
1.00045 9.44
1.00045 9.44
1.00045 9.44
1.00045 9.44
1.00045 9.44
1.00045 9.44
1.00045 9.44
1.00045 9.44
1.00045 9.44
1.00045 9.44
1.00045 9.43
1.00045 9.43
1.00045 9.43
1.00045 9.43
1.00045 9.43
1.00045 9.43
1.00045 9.43
1.0005 108.897
1.0005 108.91
1.0005 108.923
1.0005 108.936
1.0005 0
1.0005 0
1.0005 0
1.0005 0
1.0005 0
1.0005 0
1.0005 0
1.0005 5.13828e-321
1.0005 13.9
1.0005 9.49
1.0005 5.14322e-321
1.0005 10.27
1.0005 5.81
1.0005 11.94
1.0005 10.42
1.0005 9.47
1.0005 9.47
1.0005 9.46
1.0005 9.45
1.0005 9.45
1.0005 9.45
1.0005 9.45
1.0005 9.45
1.0005 9.45
1.0005 9.45
1.0005 9.45
1.0005 9.44
1.0005 9.44
1.0005 9.44
1.0005 9.44
1.0005 9.44
1.0005 9.44
1.0005 9.44
1.0005 9.44
1.0005 9.44
1.0005 9.44
1.0005 9.44
1.0005 9.43
1.0005 9.43
1.0005 9.43
1.0005 9.43
1.0005 9.43
1.0005 9.43
1.0005 9.43
1.0005 9.43
1.0005 9.43
1.00055 108.902
1.00055 108.915
1.00055 108.927
1.00055 108.94
1.00055 0
1.00055 0
1.00055 0
1.00055 0
1.00055 0
1.00055 0
1.00055 0
1.00055 5.13828e-321
1.00055 13.9
1.00055 9.49
1.00055 5.14322e-321
1.00055 10.27
1.00055 5.81
1.00055 11.95
1.00055 10.41
1.00055 9.46
1.00055 9.45
1.00055 9.45
1.00055 9.45
1.00055 9.45
1.00055 9.45
1.00055 9.45
1.00055 9.44
1.00055 9.44
1.00055 9.44
1.00055 9.44
1.00055 9.44
1.00055 9.44
1.00055 9.44
1.00055 9.44
1.00055 9.44
1.00055 9.44
1.00055 9.44
1.00055 9.44
1.00055 9.43
1.00055 9.43
1.00055 9.43
1.00055 9.43
1.00055 9.43
1.00055 9.43
1.00055 9.43
1.00055 9.43
1.00055 9.43
1.00055 9.43
1.00055 9.43
1.00055 9.43
1.0006 108.909
1.0006 108.921
1.0006 108.933
1.0006 108.945
1.0006 0
1.0006 0
1.0006 0
1.0006 0
1.0006 0
1.0006 0
1.0006 0
1.0006 5.13828e-321
1.0006 13.9
1.0006 9.49
1.0006 5.14322e-321
1.0006 10.27
1.0006 5.8
1.0006 11.96
1.0006 10.42
1.0006 9.45
1.0006 9.43
1.0006 9.43
1.0006 9.43
1.0006 9.43
1.0006 9.43
1.0006 9.43
1.0006 9.43
1.0006 9.43
1.0006 9.43
1.0006 9.43
1.0006 9.43
1.0006 9.43
1.0006 9.43
1.0006 9.43
1.0006 9.43
1.0006 9.43
1.0006 9.43
1.0006 9.43
1.0006 9.43
1.0006 9.43
1.0006 9.43
1.0006 9.43
1.0006 9.43
1.0006 9.43
1.0006 9.43
1.0006 9.43
1.0006 9.43
1.0006 9.43
1.0006 9.43
1.0006 9.43
1.00065 108.916
1.00065 108.927
1.00065 108.939
1.00065 108.951
1.00065 0
1.00065 0
1.00065 0
1.00065 0
1.00065 0
1.00065 0
1.00065 0
1.00065 5.13828e-321
1.00065 13.9
1.00065 9.49
1.00065 5.14322e-321
1.00065 10.27
1.00065 5.81
1.00065 11.97
1.00065 10.41
1.00065 9.43
1.00065 9.43
1.00065 9.43
1.00065 9.43
1.00065 9.43
1.00065 9.43
1.00065 9.43
1.00065 9.43
1.00065 9.43
1.00065 9.42
1.00065 9.42
1.00065 9.42
1.00065 9.42
1.00065 9.42
1.00065 9.42
1.00065 9.42
1.00065 9.42
1.00065 9.42
1.00065 9.42
1.00065 9.42
1.00065 9.42
1.00065 9.42
1.00065 9.42
1.00065 9.43
1.00065 9.43
1.00065 9.43
1.00065 9.43
1.00065 9.43
1.00065 9.43
1.00065 9.43
1.00065 9.43
1.0007 108.923
1.0007 108.935
1.0007 108.946
1.0007 108.957
1.0007 0
1.0007 0
1.0007 0
1.0007 0
1.0007 0
1.0007 0
1.0007 0
1.0007 5.13828e-321
1.0007 13.9
1.0007 9.49
1.0007 5.14322e-321
1.0007 10.27
1.0007 5.8
1.0007 11.98
1.0007 10.41
1.0007 9.41
1.0007 9.41
1.0007 9.41
1.0007 9.41
1.0007 9.41
1.0007 9.41
1.0007 9.41
1.0007 9.41
1.0007 9.41
1.0007 9.41
1.0007 9.42
1.0007 9.42
1.0007 9.42
1.0007 9.42
1.0007 9.42
1.0007 9.42
1.0007 9.42
1.0007 9.42
1.0007 9.42
1.0007 9.42
1.0007 9.42
1.0007 9.42
1.0007 9.42
1.0007 9.42
1.0007 9.42
1.0007 9.42
1.0007 9.42
1.0007 9.43
1.0007 9.43
1.0007 9.43
1.0007 9.42
1.00075 108.932
1.00075 108.943
1.00075 108.953
1.00075 108.964
1.00075 0
1.00075 0
1.00075 0
1.00075 0
1.00075 0
1.00075 0
1.00075 0
1.00075 5.13828e-321
1.00075 13.9
1.00075 9.49
1.00075 5.14322e-321
1.00075 10.27
1.00075 5.8
1.00075 12
1.00075 10.4
1.00075 9.41
1.00075 9.4
1.00075 9.4
1.00075 9.4
1.00075 9.4
1.00075 9.41
1.00075 9.41
1.00075 9.41
1.00075 9.41
1.00075 9.41
1.00075 9.41
1.00075 9.41
1.00075 9.41
1.00075 9.41
1.00075 9.41
1.00075 9.42
1.00075 9.42
1.00075 9.42
1.00075 9.42
1.00075 9.42
1.00075 9.42
1.00075 9.42
1.00075 9.42
1.00075 9.42
1.00075 9.42
1.00075 9.41
1.00075 9.41
1.00075 9.41
1.00075 9.41
1.00075 9.41
1.00075 9.42
1.0008 108.941
1.0008 108.951
1.0008 108.961
1.0008 108.971
1.0008 0
1.0008 0
1.0008 0
1.0008 0
1.0008 0
1.0008 0
1.0008 0
1.0008 5.13828e-321
1.0008 13.9
1.0008 9.49
1.0008 5.14322e-321
1.0008 10.27
1.0008 5.79
1.0008 12
1.0008 10.39
1.0008 9.39
1.0008 9.38
1.0008 9.39
1.0008 9.39
1.0008 9.39
1.0008 9.39
1.0008 9.39
1.0008 9.39
1.0008 9.39
1.0008 9.4
1.0008 9.4
1.0008 9.4
1.0008 9.4
1.0008 9.4
1.0008 9.4
1.0008 9.4
1.0008 9.4
1.0008 9.4
1.0008 9.4
1.0008 9.41
1.0008 9.41
1.0008 9.41
1.0008 9.41
1.0008 9.41
1.0008 9.41
1.0008 9.41
1.0008 9.41
1.0008 9.41
1.0008 9.41
1.0008 9.41
1.0008 9.41
1.00085 108.951
1.00085 108.961
1.00085 108.97
1.00085 108.98
1.00085 0
1.00085 0
1.00085 0
1.00085 0
1.00085 0
1.00085 0
1.00085 0
1.00085 5.13828e-321
1.00085 13.9
1.00085 9.49
1.00085 5.14322e-321
1.00085 10.27
1.00085 5.79
1.00085 12.01
1.00085 10.39
1.00085 9.37
1.00085 9.37
1.00085 9.37
1.00085 9.37
1.00085 9.38
1.00085 9.38
1.00085 9.39
1.00085 9.39
1.00085 9.39
1.00085 9.39
1.00085 9.39
1.00085 9.39
1.00085 9.39
1.00085 9.4
1.00085 9.4
1.00085 9.4
1.00085 9.4
1.00085 9.4
1.00085 9.4
1.00085 9.4
1.00085 9.4
1.00085 9.4
1.00085 9.41
1.00085 9.41
1.00085 9.41
1.00085 9.41
1.00085 9.41
1.00085 9.41
1.00085 9.41
1.00085 9.41
1.00085 9.41
1.0009 108.962
1.0009 108.971
1.0009 108.98
1.0009 108.989
1.0009 0
1.0009 0
1.0009 0
1.0009 0
1.0009 0
1.0009 0
1.0009 0
1.0009 5.13828e-321
1.0009 13.9
1.0009 9.49
1.0009 5.14322e-321
1.0009 10.27
1.0009 5.79
1.0009 12.03
1.0009 10.38
1.0009 9.36
1.0009 9.36
1.0009 9.36
1.0009 9.36
1.0009 9.37
1.0009 9.37
1.0009 9.37
1.0009 9.37
1.0009 9.37
1.0009 9.38
1.0009 9.38
1.0009 9.39
1.0009 9.39
1.0009 9.39
1.0009 9.39
1.0009 9.39
1.0009 9.4
1.0009 9.4
1.0009 9.4
1.0009 9.4
1.0009 9.4
1.0009 9.4
1.0009 9.4
1.0009 9.4
1.0009 9.4
1.0009 9.41
1.0009 9.41
1.0009 9.41
1.0009 9.41
1.0009 9.41
1.0009 9.41
1.00095 108.974
1.00095 108.982
1.00095 108.991
1.00095 108.999
1.00095 0
1.00095 0
1.00095 0
1.00095 0
1.00095 0
1.00095 0
1.00095 0
1.00095 5.13828e-321
1.00095 13.9
1.00095 9.49
1.00095 5.14322e-321
1.00095 10.27
1.00095 5.78
1.00095 12.03
1.00095 10.39
1.00095 9.35
1.00095 9.34
1.00095 9.35
1.00095 9.35
1.00095 9.35
1.00095 9.36
1.00095 9.36
1.00095 9.37
1.00095 9.37
1.00095 9.37
1.00095 9.37
1.00095 9.37
1.00095 9.38
1.00095 9.38
1.00095 9.38
1.00095 9.38
1.00095 9.38
1.00095 9.39
1.00095 9.4
1.00095 9.4
1.00095 9.4
1.00095 9.4
1.00095 9.4
1.00095 9.4
1.00095 9.4
1.00095 9.4
1.00095 9.4
1.00095 9.41
1.00095 9.41
1.00095 9.41
1.00095 9.41
1.001 108.987
1.001 108.994
1.001 109.002
1.001 109.01
1.001 0
1.001 0
1.001 0
1.001 0
1.001 0
1.001 0
1.001 0
1.001 5.13828e-321
1.001 13.9
1.001 9.49
1.001 5.14322e-321
1.001 10.28
1.001 5.78
1.001 12.04
1.001 10.38
1.001 9.33
1.001 9.33
1.001 9.34
1.001 9.34
1.001 9.34
1.001 9.35
1.001 9.35
1.001 9.35
1.001 9.35
1.001 9.37
1.001 9.37
1.001 9.37
1.001 9.37
1.001 9.37
1.001 9.38
1.001 9.38
1.001 9.38
1.001 9.38
1.001 9.38
1.001 9.38
1.001 9.38
1.001 9.39
1.001 9.39
1.001 9.4
1.001 9.4
1.001 9.4
1.001 9.4
1.001 9.4
1.001 9.4
1.001 9.41
1.001 9.41
1.00105 109
1.00105 109.007
1.00105 109.014
1.00105 109.021
1.00105 0
1.00105 0
1.00105 0
1.00105 0
1.00105 0
1.00105 0
1.00105 0
1.00105 5.13828e-321
1.00105 13.9
1.00105 9.49
1.00105 5.14322e-321
1.00105 10.28
1.00105 5.77
1.00105 12.06
1.00105 10.37
1.00105 9.31
1.00105 9.32
1.00105 9.32
1.00105 9.32
1.00105 9.33
1.00105 9.33
1.00105 9.34
1.00105 9.35
1.00105 9.35
1.00105 9.35
1.00105 9.35
1.00105 9.36
1.00105 9.36
1.00105 9.37
1.00105 9.37
1.00105 9.37
1.00105 9.38
1.00105 9.38
1.00105 9.38
1.00105 9.38
1.00105 9.38
1.00105 9.38
1.00105 9.38
1.00105 9.39
1.00105 9.39
1.00105 9.39
1.00105 9.39
1.00105 9.39
1.00105 9.39
1.00105 9.39
1.00105 9.39
1.0011 109.014
1.0011 109.02
1.0011 109.027
1.0011 109.033
1.0011 0
1.0011 0
1.0011 0
1.0011 0
1.0011 0
1.0011 0
1.0011 0
1.0011 5.13828e-321
1.0011 13.9
1.0011 9.49
1.0011 5.14322e-321
1.0011 10.28
1.0011 5.77
1.0011 12.07
1.0011 10.37
1.0011 9.3
1.0011 9.3
1.0011 9.3
1.0011 9.31
1.0011 9.32
1.0011 9.32
1.0011 9.33
1.0011 9.33
1.0011 9.33
1.0011 9.35
1.0011 9.35
1.0011 9.35
1.0011 9.35
1.0011 9.36
1.0011 9.36
1.0011 9.36
1.0011 9.37
1.0011 9.37
1.0011 9.37
1.0011 9.38
1.0011 9.38
1.0011 9.38
1.0011 9.38
1.0011 9.38
1.0011 9.38
1.0011 9.39
1.0011 9.39
1.0011 9.39
1.0011 9.39
1.0011 9.39
1.0011 9.39
1.00115 109.029
1.00115 109.035
1.00115 109.04
1.00115 109.046
1.00115 0
1.00115 0
1.00115 0
1.00115 0
1.00115 0
1.00115 0
1.00115 0
1.00115 5.13828e-321
1.00115 13.9
1.00115 9.49
1.00115 5.14322e-321
1.00115 10.28
1.00115 5.76
1.00115 12.07
1.00115 10.36
1.00115 9.29
1.00115 9.28
1.00115 9.3
1.00115 9.3
1.00115 9.31
1.00115 9.31
1.00115 9.32
1.00115 9.32
1.00115 9.33
1.00115 9.33
1.00115 9.33
1.00115 9.35
1.00115 9.35
1.00115 9.35
1.00115 9.35
1.00115 9.36
1.00115 9.36
1.00115 9.36
1.00115 9.36
1.00115 9.36
1.00115 9.38
1.00115 9.38
1.00115 9.38
1.00115 9.38
1.00115 9.38
1.00115 9.38
1.00115 9.38
1.00115 9.39
1.00115 9.39
1.00115 9.39
1.00115 9.39
1.0012 109.045
1.0012 109.05
1.0012 109.055
1.0012 109.06
1.0012 0
1.0012 0
1.0012 0
1.0012 0
1.0012 0
1.0012 0
1.0012 0
1.0012 5.13828e-321
1.0012 13.9
1.0012 9.49
1.0012 5.14322e-321
1.0012 10.28
1.0012 5.76
1.0012 12.09
1.0012 10.36
1.0012 9.27
1.0012 9.28
1.0012 9.28
1.0012 9.28
1.0012 9.3
1.0012 9.3
1.0012 9.31
1.0012 9.31
1.0012 9.32
1.0012 9.33
1.0012 9.33
1.0012 9.33
1.0012 9.33
1.0012 9.34
1.0012 9.35
1.0012 9.35
1.0012 9.35
1.0012 9.36
1.0012 9.36
1.0012 9.36
1.0012 9.36
1.0012 9.36
1.0012 9.37
1.0012 9.38
1.0012 9.38
1.0012 9.38
1.0012 9.38
1.0012 9.38
1.0012 9.39
1.0012 9.39
1.0012 9.39
1.00125 109.062
1.00125 109.066
1.00125 109.07
1.00125 109.075
1.00125 0
1.00125 0
1.00125 0
1.00125 0
1.00125 0
1.00125 0
1.00125 0
1.00125 5.13828e-321
1.00125 13.9
1.00125 9.49
1.00125 5.14322e-321
1.00125 10.28
1.00125 5.75
1.00125 12.1
1.00125 10.35
1.00125 9.26
1.00125 9.26
1.00125 9.26
1.00125 9.28
1.00125 9.28
1.00125 9.29
1.00125 9.3
1.00125 9.3
1.00125 9.31
1.00125 9.31
1.00125 9.31
1.00125 9.33
1.00125 9.33
1.00125 9.33
1.00125 9.33
1.00125 9.34
1.00125 9.35
1.00125 9.35
1.00125 9.35
1.00125 9.36
1.00125 9.36
1.00125 9.36
1.00125 9.36
1.00125 9.36
1.00125 9.37
1.00125 9.37
1.00125 9.38
1.00125 9.38
1.00125 9.38
1.00125 9.38
1.00125 9.39
1.0013 109.079
1.0013 109.082
1.0013 109.086
1.0013 109.09
1.0013 0
1.0013 0
1.0013 0
1.0013 0
1.0013 0
1.0013 0
1.0013 0
1.0013 5.13828e-321
1.0013 13.9
1.0013 9.49
1.0013 5.14322e-321
1.0013 10.28
1.0013 5.75
1.0013 12.11
1.0013 10.35
1.0013 9.24
1.0013 9.24
1.0013 9.26
1.0013 9.26
1.0013 9.27
1.0013 9.28
1.0013 9.28
1.0013 9.29
1.0013 9.3
1.0013 9.31
1.0013 9.31
1.0013 9.31
1.0013 9.31
1.0013 9.33
1.0013 9.33
1.0013 9.33
1.0013 9.34
1.0013 9.34
1.0013 9.34
1.0013 9.35
1.0013 9.36
1.0013 9.36
1.0013 9.36
1.0013 9.36
1.0013 9.36
1.0013 9.37
1.0013 9.37
1.0013 9.37
1.0013 9.37
1.0013 9.38
1.0013 9.38
1.00135 109.097
1.00135 109.1
1.00135 109.103
1.00135 109.106
1.00135 0
1.00135 0
1.00135 0
1.00135 0
1.00135 0
1.00135 0
1.00135 0
1.00135 5.13828e-321
1.00135 13.9
1.00135 9.49
1.00135 5.14322e-321
1.00135 10.28
1.00135 5.74
1.00135 12.12
1.00135 10.35
1.00135 9.22
1.00135 9.23
1.00135 9.24
1.00135 9.24
1.00135 9.26
1.00135 9.26
1.00135 9.27
1.00135 9.28
1.00135 9.29
1.00135 9.29
1.00135 9.3
1.00135 9.31
1.00135 9.31
1.00135 9.31
1.00135 9.32
1.00135 9.33
1.00135 9.33
1.00135 9.33
1.00135 9.34
1.00135 9.34
1.00135 9.34
1.00135 9.35
1.00135 9.36
1.00135 9.36
1.00135 9.36
1.00135 9.36
1.00135 9.36
1.00135 9.37
1.00135 9.37
1.00135 9.37
1.00135 9.37
1.0014 109.116
1.0014 109.118
1.0014 109.12
1.0014 109.122
1.0014 0
1.0014 0
1.0014 0
1.0014 0
1.0014 0
1.0014 0
1.0014 0
1.0014 5.13828e-321
1.0014 13.9
1.0014 9.49
1.0014 5.14322e-321
1.0014 10.28
1.0014 5.74
1.0014 12.13
1.0014 10.34
1.0014 9.21
1.0014 9.22
1.0014 9.22
1.0014 9.24
1.0014 9.24
1.0014 9.26
1.0014 9.26
1.0014 9.27
1.0014 9.28
1.0014 9.28
1.0014 9.29
1.0014 9.29
1.0014 9.31
1.0014 9.31
1.0014 9.31
1.0014 9.32
1.0014 9.32
1.0014 9.33
1.0014 9.33
1.0014 9.34
1.0014 9.34
1.0014 9.34
1.0014 9.34
1.0014 9.36
1.0014 9.36
1.0014 9.36
1.0014 9.36
1.0014 9.36
1.0014 9.37
1.0014 9.37
1.0014 9.37
1.00145 109.136
1.00145 109.137
1.00145 109.138
1.00145 109.14
1.00145 0
1.00145 0
1.00145 0
1.00145 0
1.00145 0
1.00145 0
1.00145 0
1.00145 5.13828e-321
1.00145 13.9
1.00145 9.49
1.00145 5.14322e-321
1.00145 10.28
1.00145 5.74
1.00145 12.15
1.00145 10.33
1.00145 9.2
1.00145 9.2
1.00145 9.21
1.00145 9.22
1.00145 9.24
1.00145 9.24
1.00145 9.25
1.00145 9.26
1.00145 9.27
1.00145 9.27
1.00145 9.28
1.00145 9.29
1.00145 9.29
1.00145 9.29
1.00145 9.31
1.00145 9.31
1.00145 9.31
1.00145 9.32
1.00145 9.33
1.00145 9.33
1.00145 9.34
1.00145 9.34
1.00145 9.34
1.00145 9.34
1.00145 9.34
1.00145 9.36
1.00145 9.36
1.00145 9.36
1.00145 9.36
1.00145 9.36
1.00145 9.37
1.0015 109.156
1.0015 109.156
1.0015 109.157
1.0015 109.158
1.0015 0
1.0015 0
1.0015 0
1.0015 0
1.0015 0
1.0015 0
1.0015 0
1.0015 5.13828e-321
1.0015 13.9
1.0015 9.49
1.0015 5.14322e-321
1.0015 10.28
1.0015 5.73
1.0015 12.15
1.0015 10.33
1.0015 9.18
1.0015 9.19
1.0015 9.2
1.0015 9.21
1.0015 9.22
1.0015 9.23
1.0015 9.24
1.0015 9.25
1.0015 9.26
1.0015 9.26
1.0015 9.27
1.0015 9.28
1.0015 9.29
1.0015 9.29
1.0015 9.29
1.0015 9.31
1.0015 9.31
1.0015 9.31
1.0015 9.32
1.0015 9.32
1.0015 9.33
1.0015 9.33
1.0015 9.34
1.0015 9.34
1.0015 9.34
1.0015 9.34
1.0015 9.35
1.0015 9.36
1.0015 9.36
1.0015 9.36
1.0015 9.36
1.00155 109.176
1.00155 109.176
1.00155 109.176
1.00155 109.176
1.00155 0
1.00155 0
1.00155 0
1.00155 0
1.00155 0
1.00155 0
1.00155 0
1.00155 5.13828e-321
1.00155 13.9
1.00155 9.49
1.00155 5.14322e-321
1.00155 10.28
1.00155 5.73
1.00155 12.16
1.00155 10.32
1.00155 9.16
1.00155 9.17
1.00155 9.18
1.00155 9.2
1.00155 9.2
1.00155 9.22
1.00155 9.22
1.00155 9.24
1.00155 9.24
1.00155 9.25
1.00155 9.26
1.00155 9.27
1.00155 9.27
1.00155 9.29
1.00155 9.29
1.00155 9.29
1.00155 9.3
1.00155 9.31
1.00155 9.31
1.00155 9.32
1.00155 9.32
1.00155 9.32
1.00155 9.33
1.00155 9.34
1.00155 9.34
1.00155 9.34
1.00155 9.34
1.00155 9.35
1.00155 9.35
1.00155 9.36
1.00155 9.36
1.0016 109.198
1.0016 109.196
1.0016 109.196
1.0016 109.195
1.0016 0
1.0016 0
1.0016 0
1.0016 0
1.0016 0
1.0016 0
1.0016 0
1.0016 5.13828e-321
1.0016 13.9
1.0016 9.49
1.0016 5.14322e-321
1.0016 10.28
1.0016 5.72
1.0016 12.18
1.0016 10.32
1.0016 9.15
1.0016 9.16
1.0016 9.17
1.0016 9.18
1.0016 9.2
1.0016 9.2
1.0016 9.22
1.0016 9.22
1.0016 9.24
1.0016 9.24
1.0016 9.25
1.0016 9.26
1.0016 9.27
1.0016 9.27
1.0016 9.29
1.0016 9.29
1.0016 9.29
1.0016 9.3
1.0016 9.31
1.0016 9.31
1.0016 9.31
1.0016 9.32
1.0016 9.32
1.0016 9.32
1.0016 9.34
1.0016 9.34
1.0016 9.34
1.0016 9.34
1.0016 9.34
1.0016 9.35
1.0016 9.35
1.00165 109.22
1.00165 109.218
1.00165 109.216
1.00165 109.215
1.00165 0
1.00165 0
1.00165 0
1.00165 0
1.00165 0
1.00165 0
1.00165 0
1.00165 5.13828e-321
1.00165 13.9
1.00165 9.49
1.00165 5.14322e-321
1.00165 10.28
1.00165 5.72
1.00165 12.18
1.00165 10.31
1.00165 9.14
1.00165 9.14
1.00165 9.16
1.00165 9.17
1.00165 9.18
1.00165 9.2
1.00165 9.2
1.00165 9.22
1.00165 9.22
1.00165 9.24
1.00165 9.24
1.00165 9.25
1.00165 9.26
1.00165 9.27
1.00165 9.27
1.00165 9.28
1.00165 9.29
1.00165 9.29
1.00165 9.3
1.00165 9.3
1.00165 9.31
1.00165 9.31
1.00165 9.32
1.00165 9.32
1.00165 9.32
1.00165 9.33
1.00165 9.34
1.00165 9.34
1.00165 9.34
1.00165 9.34
1.00165 9.35
1.0017 109.242
1.0017 109.239
1.0017 109.237
1.0017 109.236
1.0017 0
1.0017 0
1.0017 0
1.0017 0
1.0017 0
1.0017 0
1.0017 0
1.0017 5.13828e-321
1.0017 13.9
1.0017 9.49
1.0017 5.14322e-321
1.0017 10.28
1.0017 5.71
1.0017 12.19
1.0017 10.3
1.0017 9.12
1.0017 9.13
1.0017 9.14
1.0017 9.16
1.0017 9.17
1.0017 9.18
1.0017 9.2
1.0017 9.2
1.0017 9.22
1.0017 9.22
1.0017 9.24
1.0017 9.24
1.0017 9.25
1.0017 9.26
1.0017 9.27
1.0017 9.27
1.0017 9.27
1.0017 9.29
1.0017 9.29
1.0017 9.29
1.0017 9.3
1.0017 9.31
1.0017 9.31
1.0017 9.32
1.0017 9.32
1.0017 9.32
1.0017 9.32
1.0017 9.34
1.0017 9.34
1.0017 9.34
1.0017 9.34
1.00175 109.265
1.00175 109.261
1.00175 109.259
1.00175 109.256
1.00175 0
1.00175 0
1.00175 0
1.00175 0
1.00175 0
1.00175 0
1.00175 0
1.00175 5.13828e-321
1.00175 13.9
1.00175 9.49
1.00175 5.14322e-321
1.00175 10.28
1.00175 5.71
1.00175 12.21
1.00175 10.31
1.00175 9.1
1.00175 9.11
1.00175 9.13
1.00175 9.15
1.00175 9.16
1.00175 9.17
1.00175 9.18
1.00175 9.2
1.00175 9.2
1.00175 9.22
1.00175 9.22
1.00175 9.24
1.00175 9.24
1.00175 9.25
1.00175 9.26
1.00175 9.27
1.00175 9.27
1.00175 9.27
1.00175 9.29
1.00175 9.29
1.00175 9.29
1.00175 9.3
1.00175 9.31
1.00175 9.31
1.00175 9.32
1.00175 9.32
1.00175 9.32
1.00175 9.32
1.00175 9.34
1.00175 9.34
1.00175 9.34
1.0018 109.288
1.0018 109.284
1.0018 109.281
1.0018 109.278
1.0018 0
1.0018 0
1.0018 0
1.0018 0
1.0018 0
1.0018 0
1.0018 0
1.0018 5.13828e-321
1.0018 13.9
1.0018 9.49
1.0018 5.14322e-321
1.0018 10.28
1.0018 5.7
1.0018 12.21
1.0018 10.3
1.0018 9.09
1.0018 9.09
1.0018 9.11
1.0018 9.13
1.0018 9.15
1.0018 9.16
1.0018 9.18
1.0018 9.18
1.0018 9.2
1.0018 9.2
1.0018 9.22
1.0018 9.22
1.0018 9.23
1.0018 9.24
1.0018 9.25
1.0018 9.25
1.0018 9.27
1.0018 9.27
1.0018 9.27
1.0018 9.29
1.0018 9.29
1.0018 9.29
1.0018 9.3
1.0018 9.3
1.0018 9.31
1.0018 9.32
1.0018 9.32
1.0018 9.32
1.0018 9.32
1.0018 9.33
1.0018 9.34
1.00185 109.312
1.00185 109.307
1.00185 109.303
1.00185 109.299
1.00185 0
1.00185 0
1.00185 0
1.00185 0
1.00185 0
1.00185 0
1.00185 0
1.00185 5.13828e-321
1.00185 13.9
1.00185 9.49
1.00185 5.14322e-321
1.00185 10.28
1.00185 5.7
1.00185 12.22
1.00185 10.29
1.00185 9.07
1.00185 9.09
1.00185 9.11
1.00185 9.12
1.00185 9.13
1.00185 9.15
1.00185 9.16
1.00185 9.18
1.00185 9.18
1.00185 9.2
1.00185 9.2
1.00185 9.22
1.00185 9.23
1.00185 9.23
1.00185 9.24
1.00185 9.25
1.00185 9.25
1.00185 9.27
1.00185 9.27
1.00185 9.27
1.00185 9.29
1.00185 9.29
1.00185 9.29
1.00185 9.3
1.00185 9.3
1.00185 9.31
1.00185 9.32
1.00185 9.32
1.00185 9.32
1.00185 9.32
1.00185 9.33
1.0019 109.336
1.0019 109.33
1.0019 109.326
1.0019 109.322
1.0019 0
1.0019 0
1.0019 0
1.0019 0
1.0019 0
1.0019 0
1.0019 0
1.0019 5.13828e-321
1.0019 13.9
1.0019 9.49
1.0019 5.14322e-321
1.0019 10.28
1.0019 5.69
1.0019 12.24
1.0019 10.29
1.0019 9.05
1.0019 9.07
1.0019 9.09
1.0019 9.11
1.0019 9.12
1.0019 9.14
1.0019 9.15
1.0019 9.16
1.0019 9.18
1.0019 9.18
1.0019 9.2
1.0019 9.21
1.0019 9.22
1.0019 9.23
1.0019 9.23
1.0019 9.25
1.0019 9.25
1.0019 9.25
1.0019 9.27
1.0019 9.27
1.0019 9.27
1.0019 9.28
1.0019 9.29
1.0019 9.29
1.0019 9.3
1.0019 9.3
1.0019 9.31
1.0019 9.32
1.0019 9.32
1.0019 9.32
1.0019 9.32
1.00195 109.36
1.00195 109.354
1.00195 109.349
1.00195 109.344
1.00195 0
1.00195 0
1.00195 0
1.00195 0
1.00195 0
1.00195 0
1.00195 0
1.00195 5.13828e-321
1.00195 13.9
1.00195 9.49
1.00195 5.14322e-321
1.00195 10.28
1.00195 5.7
1.00195 12.25
1.00195 10.28
1.00195 9.03
1.00195 9.05
1.00195 9.07
1.00195 9.09
1.00195 9.11
1.00195 9.13
1.00195 9.14
1.00195 9.16
1.00195 9.16
1.00195 9.18
1.00195 9.2
1.00195 9.2
1.00195 9.21
1.00195 9.22
1.00195 9.23
1.00195 9.24
1.00195 9.25
1.00195 9.25
1.00195 9.25
1.00195 9.27
1.00195 9.27
1.00195 9.27
1.00195 9.28
1.00195 9.29
1.00195 9.29
1.00195 9.3
1.00195 9.3
1.00195 9.3
1.00195 9.32
1.00195 9.32
1.00195 9.32
1.002 109.384
1.002 109.378
1.002 109.372
1.002 109.367
1.002 0
1.002 0
1.002 0
1.002 0
1.002 0
1.002 0
1.002 0
1.002 5.13828e-321
1.002 13.9
1.002 9.49
1.002 5.14322e-321
1.002 10.28
1.002 5.69
1.002 12.26
1.002 10.28
1.002 9.03
1.002 9.04
1.002 9.06
1.002 9.09
1.002 9.1
1.002 9.11
1.002 9.13
1.002 9.14
1.002 9.16
1.002 9.17
1.002 9.18
1.002 9.2
1.002 9.2
1.002 9.21
1.002 9.22
1.002 9.23
1.002 9.24
1.002 9.25
1.002 9.25
1.002 9.25
1.002 9.27
1.002 9.27
1.002 9.28
1.002 9.28
1.002 9.29
1.002 9.29
1.002 9.3
1.002 9.3
1.002 9.3
1.002 9.32
1.002 9.32
1.00205 109.409
1.00205 109.402
1.00205 109.396
1.00205 109.39
1.00205 0
1.00205 0
1.00205 0
1.00205 0
1.00205 0
1.00205 0
1.00205 0
1.00205 5.13828e-321
1.00205 13.9
1.00205 9.49
1.00205 5.14322e-321
1.00205 10.28
1.00205 5.69
1.00205 12.27
1.00205 10.27
1.00205 9.01
1.00205 9.02
1.00205 9.05
1.00205 9.07
1.00205 9.09
1.00205 9.11
1.00205 9.12
1.00205 9.14
1.00205 9.15
1.00205 9.16
1.00205 9.18
1.00205 9.18
1.00205 9.2
1.00205 9.2
1.00205 9.21
1.00205 9.22
1.00205 9.23
1.00205 9.24
1.00205 9.25
1.00205 9.25
1.00205 9.26
1.00205 9.27
1.00205 9.27
1.00205 9.28
1.00205 9.28
1.00205 9.29
1.00205 9.29
1.00205 9.3
1.00205 9.3
1.00205 9.3
1.00205 9.32
1.0021 109.434
1.0021 109.427
1.0021 109.42
1.0021 109.414
1.0021 0
1.0021 0
1.0021 0
1.0021 0
1.0021 0
1.0021 0
1.0021 0
1.0021 5.13828e-321
1.0021 13.9
1.0021 9.49
1.0021 5.14322e-321
1.0021 10.28
1.0021 5.68
1.0021 12.28
1.0021 10.26
1.0021 8.99
1.0021 9.01
1.0021 9.03
1.0021 9.05
1.0021 9.07
1.0021 9.09
1.0021 9.11
1.0021 9.13
1.0021 9.14
1.0021 9.16
1.0021 9.16
1.0021 9.18
1.0021 9.18
1.0021 9.2
1.0021 9.21
1.0021 9.22
1.0021 9.23
1.0021 9.23
1.0021 9.24
1.0021 9.25
1.0021 9.25
1.0021 9.26
1.0021 9.27
1.0021 9.27
1.0021 9.28
1.0021 9.28
1.0021 9.29
1.0021 9.3
1.0021 9.3
1.0021 9.3
1.0021 9.3
1.00215 109.46
1.00215 109.452
1.00215 109.445
1.00215 109.438
1.00215 0
1.00215 0
1.00215 0
1.00215 0
1.00215 0
1.00215 0
1.00215 0
1.00215 5.13828e-321
1.00215 13.9
1.00215 9.49
1.00215 5.14322e-321
1.00215 10.28
1.00215 5.68
1.00215 12.29
1.00215 10.26
1.00215 8.97
1.00215 9
1.00215 9.02
1.00215 9.05
1.00215 9.07
1.00215 9.09
1.00215 9.1
1.00215 9.12
1.00215 9.13
1.00215 9.14
1.00215 9.16
1.00215 9.17
1.00215 9.18
1.00215 9.19
1.00215 9.2
1.00215 9.21
1.00215 9.22
1.00215 9.23
1.00215 9.23
1.00215 9.24
1.00215 9.25
1.00215 9.25
1.00215 9.26
1.00215 9.27
1.00215 9.27
1.00215 9.28
1.00215 9.28
1.00215 9.29
1.00215 9.3
1.00215 9.3
1.00215 9.3
1.0022 109.485
1.0022 109.477
1.0022 109.469
1.0022 109.462
1.0022 0
1.0022 0
1.0022 0
1.0022 0
1.0022 0
1.0022 0
1.0022 0
1.0022 5.13828e-321
1.0022 13.9
1.0022 9.49
1.0022 5.14322e-321
1.0022 10.28
1.0022 5.68
1.0022 12.3
1.0022 10.25
1.0022 8.96
1.0022 8.98
1.0022 9.01
1.0022 9.03
1.0022 9.05
1.0022 9.07
1.0022 9.09
1.0022 9.11
1.0022 9.12
1.0022 9.14
1.0022 9.15
1.0022 9.16
1.0022 9.18
1.0022 9.18
1.0022 9.2
1.0022 9.2
1.0022 9.21
1.0022 9.22
1.0022 9.23
1.0022 9.23
1.0022 9.25
1.0022 9.25
1.0022 9.25
1.0022 9.26
1.0022 9.27
1.0022 9.27
1.0022 9.28
1.0022 9.28
1.0022 9.29
1.0022 9.3
1.0022 9.3
1.00225 109.511
1.00225 109.502
1.00225 109.494
1.00225 109.487
1.00225 0
1.00225 0
1.00225 0
1.00225 0
1.00225 0
1.00225 0
1.00225 0
1.00225 5.13828e-321
1.00225 13.9
1.00225 9.49
1.00225 5.14322e-321
1.00225 10.29
1.00225 5.67
1.00225 12.31
1.00225 10.24
1.00225 8.94
1.00225 8.96
1.00225 9
1.00225 9.02
1.00225 9.05
1.00225 9.07
1.00225 9.09
1.00225 9.1
1.00225 9.11
1.00225 9.13
1.00225 9.14
1.00225 9.16
1.00225 9.16
1.00225 9.18
1.00225 9.18
1.00225 9.2
1.00225 9.21
1.00225 9.21
1.00225 9.22
1.00225 9.23
1.00225 9.23
1.00225 9.25
1.00225 9.25
1.00225 9.25
1.00225 9.26
1.00225 9.27
1.00225 9.27
1.00225 9.28
1.00225 9.28
1.00225 9.29
1.00225 9.3
1.0023 109.537
1.0023 109.528
1.0023 109.519
1.0023 109.511
1.0023 0
1.0023 0
1.0023 0
1.0023 0
1.0023 0
1.0023 0
1.0023 0
1.0023 5.13828e-321
1.0023 13.9
1.0023 9.49
1.0023 5.14322e-321
1.0023 10.29
1.0023 5.67
1.0023 12.32
1.0023 10.25
1.0023 8.92
1.0023 8.95
1.0023 8.98
1.0023 9.01
1.0023 9.03
1.0023 9.05
1.0023 9.07
1.0023 9.09
1.0023 9.11
1.0023 9.12
1.0023 9.14
1.0023 9.15
1.0023 9.16
1.0023 9.18
1.0023 9.18
1.0023 9.19
1.0023 9.2
1.0023 9.21
1.0023 9.22
1.0023 9.23
1.0023 9.23
1.0023 9.23
1.0023 9.25
1.0023 9.25
1.0023 9.26
1.0023 9.26
1.0023 9.27
1.0023 9.27
1.0023 9.28
1.0023 9.28
1.0023 9.29
1.00235 109.563
1.00235 109.554
1.00235 109.545
1.00235 109.536
1.00235 0
1.00235 0
1.00235 0
1.00235 0
1.00235 0
1.00235 0
1.00235 0
1.00235 5.13828e-321
1.00235 13.9
1.00235 9.49
1.00235 5.14322e-321
1.00235 10.29
1.00235 5.66
1.00235 12.33
1.00235 10.24
1.00235 8.9
1.00235 8.94
1.00235 8.96
1.00235 9
1.00235 9.02
1.00235 9.05
1.00235 9.07
1.00235 9.09
1.00235 9.1
1.00235 9.11
1.00235 9.13
1.00235 9.14
1.00235 9.16
1.00235 9.16
1.00235 9.18
1.00235 9.18
1.00235 9.2
1.00235 9.2
1.00235 9.21
1.00235 9.22
1.00235 9.23
1.00235 9.23
1.00235 9.25
1.00235 9.25
1.00235 9.25
1.00235 9.26
1.00235 9.27
1.00235 9.27
1.00235 9.28
1.00235 9.28
1.00235 9.28
1.0024 109.59
1.0024 109.58
1.0024 109.57
1.0024 109.562
1.0024 0
1.0024 0
1.0024 0
1.0024 0
1.0024 0
1.0024 0
1.0024 0
1.0024 5.13828e-321
1.0024 13.9
1.0024 9.49
1.0024 5.14322e-321
1.0024 10.29
1.0024 5.66
1.0024 12.34
1.0024 10.24
1.0024 8.89
1.0024 8.92
1.0024 8.96
1.0024 8.98
1.0024 9.01
1.0024 9.03
1.0024 9.05
1.0024 9.07
1.0024 9.09
1.0024 9.11
1.0024 9.12
1.0024 9.14
1.0024 9.14
1.0024 9.16
1.0024 9.16
1.0024 9.18
1.0024 9.19
1.0024 9.2
1.0024 9.21
1.0024 9.21
1.0024 9.22
1.0024 9.23
1.0024 9.23
1.0024 9.25
1.0024 9.25
1.0024 9.25
1.0024 9.26
1.0024 9.27
1.0024 9.27
1.0024 9.28
1.0024 9.28
1.00245 109.616
1.00245 109.606
1.00245 109.596
1.00245 109.587
1.00245 0
1.00245 0
1.00245 0
1.00245 0
1.00245 0
1.00245 0
1.00245 0
1.00245 5.13828e-321
1.00245 13.9
1.00245 9.49
1.00245 5.14322e-321
1.00245 10.29
1.00245 5.65
1.00245 12.35
1.00245 10.23
1.00245 8.88
1.00245 8.91
1.00245 8.94
1.00245 8.98
1.00245 9
1.00245 9.03
1.00245 9.05
1.00245 9.07
1.00245 9.09
1.00245 9.1
1.00245 9.11
1.00245 9.13
1.00245 9.14
1.00245 9.16
1.00245 9.16
1.00245 9.18
1.00245 9.18
1.00245 9.19
1.00245 9.2
1.00245 9.21
1.00245 9.21
1.00245 9.23
1.00245 9.23
1.00245 9.23
1.00245 9.25
1.00245 9.25
1.00245 9.25
1.00245 9.26
1.00245 9.27
1.00245 9.27
1.00245 9.28
1.0025 109.643
1.0025 109.632
1.0025 109.622
1.0025 109.613
1.0025 0
1.0025 0
1.0025 0
1.0025 0
1.0025 0
1.0025 0
1.0025 0
1.0025 5.13828e-321
1.0025 13.9
1.0025 9.49
1.0025 5.14322e-321
1.0025 10.29
1.0025 5.65
1.0025 12.36
1.0025 10.22
1.0025 8.86
1.0025 8.89
1.0025 8.93
1.0025 8.96
1.0025 8.99
1.0025 9.02
1.0025 9.04
1.0025 9.06
1.0025 9.07
1.0025 9.09
1.0025 9.11
1.0025 9.12
1.0025 9.14
1.0025 9.14
1.0025 9.16
1.0025 9.16
1.0025 9.18
1.0025 9.18
1.0025 9.2
1.0025 9.2
1.0025 9.21
1.0025 9.22
1.0025 9.23
1.0025 9.23
1.0025 9.23
1.0025 9.25
1.0025 9.25
1.0025 9.25
1.0025 9.26
1.0025 9.27
1.0025 9.27
1.00255 109.67
1.00255 109.659
1.00255 109.649
1.00255 109.639
1.00255 0
1.00255 0
1.00255 0
1.00255 0
1.00255 0
1.00255 0
1.00255 0
1.00255 5.13828e-321
1.00255 13.9
1.00255 9.49
1.00255 5.14322e-321
1.00255 10.29
1.00255 5.64
1.00255 12.37
1.00255 10.22
1.00255 8.84
1.00255 8.88
1.00255 8.92
1.00255 8.96
1.00255 8.98
1.00255 9.01
1.00255 9.03
1.00255 9.05
1.00255 9.07
1.00255 9.09
1.00255 9.1
1.00255 9.12
1.00255 9.13
1.00255 9.14
1.00255 9.16
1.00255 9.16
1.00255 9.18
1.00255 9.18
1.00255 9.19
1.00255 9.2
1.00255 9.21
1.00255 9.21
1.00255 9.22
1.00255 9.23
1.00255 9.23
1.00255 9.24
1.00255 9.25
1.00255 9.25
1.00255 9.26
1.00255 9.26
1.00255 9.27
1.0026 109.697
1.0026 109.686
1.0026 109.675
1.0026 109.665
1.0026 0
1.0026 0
1.0026 0
1.0026 0
1.0026 0
1.0026 0
1.0026 0
1.0026 5.13828e-321
1.0026 13.9
1.0026 9.49
1.0026 5.14322e-321
1.0026 10.29
1.0026 5.64
1.0026 12.39
1.0026 10.21
1.0026 8.83
1.0026 8.87
1.0026 8.91
1.0026 8.94
1.0026 8.98
1.0026 9
1.0026 9.02
1.0026 9.05
1.0026 9.07
1.0026 9.08
1.0026 9.09
1.0026 9.11
1.0026 9.12
1.0026 9.14
1.0026 9.14
1.0026 9.16
1.0026 9.16
1.0026 9.18
1.0026 9.18
1.0026 9.19
1.0026 9.2
1.0026 9.21
1.0026 9.21
1.0026 9.23
1.0026 9.23
1.0026 9.23
1.0026 9.24
1.0026 9.25
1.0026 9.25
1.0026 9.26
1.0026 9.26
1.00265 109.724
1.00265 109.713
1.00265 109.702
1.00265 109.692
1.00265 0
1.00265 0
1.00265 0
1.00265 0
1.00265 0
1.00265 0
1.00265 0
1.00265 5.13828e-321
1.00265 13.9
1.00265 9.49
1.00265 5.14322e-321
1.00265 10.29
1.00265 5.63
1.00265 12.39
1.00265 10.2
1.00265 8.81
1.00265 8.85
1.00265 8.9
1.00265 8.94
1.00265 8.96
1.00265 8.99
1.00265 9.02
1.00265 9.03
1.00265 9.05
1.00265 9.07
1.00265 9.09
1.00265 9.1
1.00265 9.12
1.00265 9.13
1.00265 9.14
1.00265 9.16
1.00265 9.16
1.00265 9.17
1.00265 9.18
1.00265 9.19
1.00265 9.2
1.00265 9.21
1.00265 9.21
1.00265 9.21
1.00265 9.23
1.00265 9.23
1.00265 9.23
1.00265 9.25
1.00265 9.25
1.00265 9.25
1.00265 9.26
1.0027 109.751
1.0027 109.74
1.0027 109.729
1.0027 109.718
1.0027 0
1.0027 0
1.0027 0
1.0027 0
1.0027 0
1.0027 0
1.0027 0
1.0027 5.13828e-321
1.0027 13.9
1.0027 9.49
1.0027 5.14322e-321
1.0027 10.29
1.0027 5.63
1.0027 12.41
1.0027 10.2
1.0027 8.79
1.0027 8.84
1.0027 8.89
1.0027 8.92
1.0027 8.96
1.0027 8.98
1.0027 9.01
1.0027 9.03
1.0027 9.05
1.0027 9.07
1.0027 9.09
1.0027 9.1
1.0027 9.11
1.0027 9.12
1.0027 9.14
1.0027 9.14
1.0027 9.16
1.0027 9.16
1.0027 9.18
1.0027 9.18
1.0027 9.19
1.0027 9.2
1.0027 9.21
1.0027 9.21
1.0027 9.22
1.0027 9.23
1.0027 9.23
1.0027 9.24
1.0027 9.25
1.0027 9.25
1.0027 9.25
1.00275 109.779
1.00275 109.767
1.00275 109.756
1.00275 109.745
1.00275 0
1.00275 0
1.00275 0
1.00275 0
1.00275 0
1.00275 0
1.00275 0
1.00275 5.13828e-321
1.00275 13.9
1.00275 9.49
1.00275 5.14322e-321
1.00275 10.29
1.00275 5.62
1.00275 12.42
1.00275 10.19
1.00275 8.77
1.00275 8.83
1.00275 8.87
1.00275 8.91
1.00275 8.94
1.00275 8.98
1.00275 9
1.00275 9.02
1.00275 9.05
1.00275 9.07
1.00275 9.07
1.00275 9.09
1.00275 9.11
1.00275 9.12
1.00275 9.13
1.00275 9.14
1.00275 9.16
1.00275 9.16
1.00275 9.17
1.00275 9.18
1.00275 9.19
1.00275 9.19
1.00275 9.2
1.00275 9.21
1.00275 9.21
1.00275 9.23
1.00275 9.23
1.00275 9.23
1.00275 9.24
1.00275 9.25
1.00275 9.25
1.0028 109.806
1.0028 109.794
1.0028 109.783
1.0028 109.773
1.0028 0
1.0028 0
1.0028 0
1.0028 0
1.0028 0
1.0028 0
1.0028 0
1.0028 5.13828e-321
1.0028 13.9
1.0028 9.49
1.0028 5.14322e-321
1.0028 10.29
1.0028 5.62
1.0028 12.42
1.0028 10.19
1.0028 8.76
1.0028 8.81
1.0028 8.87
1.0028 8.9
1.0028 8.94
1.0028 8.96
1.0028 9
1.0028 9.02
1.0028 9.03
1.0028 9.05
1.0028 9.07
1.0028 9.09
1.0028 9.1
1.0028 9.11
1.0028 9.12
1.0028 9.14
1.0028 9.14
1.0028 9.16
1.0028 9.16
1.0028 9.18
1.0028 9.18
1.0028 9.19
1.0028 9.2
1.0028 9.21
1.0028 9.21
1.0028 9.21
1.0028 9.23
1.0028 9.23
1.0028 9.23
1.0028 9.24
1.0028 9.25
1.00285 109.834
1.00285 109.822
1.00285 109.811
1.00285 109.8
1.00285 0
1.00285 0
1.00285 0
1.00285 0
1.00285 0
1.00285 0
1.00285 0
1.00285 5.13828e-321
1.00285 13.9
1.00285 9.49
1.00285 5.14322e-321
1.00285 10.29
1.00285 5.61
1.00285 12.44
1.00285 10.18
1.00285 8.74
1.00285 8.8
1.00285 8.85
1.00285 8.89
1.00285 8.93
1.00285 8.96
1.00285 8.98
1.00285 9.01
1.00285 9.03
1.00285 9.05
1.00285 9.07
1.00285 9.09
1.00285 9.09
1.00285 9.11
1.00285 9.12
1.00285 9.13
1.00285 9.14
1.00285 9.16
1.00285 9.16
1.00285 9.17
1.00285 9.18
1.00285 9.19
1.00285 9.19
1.00285 9.2
1.00285 9.21
1.00285 9.21
1.00285 9.22
1.00285 9.23
1.00285 9.23
1.00285 9.23
1.00285 9.24
1.0029 109.862
1.0029 109.85
1.0029 109.838
1.0029 109.827
1.0029 0
1.0029 0
1.0029 0
1.0029 0
1.0029 0
1.0029 0
1.0029 0
1.0029 5.13828e-321
1.0029 13.9
1.0029 9.49
1.0029 5.14322e-321
1.0029 10.29
1.0029 5.61
1.0029 12.45
1.0029 10.18
1.0029 8.72
1.0029 8.78
1.0029 8.84
1.0029 8.89
1.0029 8.92
1.0029 8.96
1.0029 8.98
1.0029 9
1.0029 9.03
1.0029 9.05
1.0029 9.07
1.0029 9.07
1.0029 9.09
1.0029 9.1
1.0029 9.12
1.0029 9.13
1.0029 9.14
1.0029 9.14
1.0029 9.16
1.0029 9.16
1.0029 9.18
1.0029 9.18
1.0029 9.19
1.0029 9.2
1.0029 9.21
1.0029 9.21
1.0029 9.21
1.0029 9.23
1.0029 9.23
1.0029 9.23
1.0029 9.24
1.00295 109.89
1.00295 109.878
1.00295 109.866
1.00295 109.855
1.00295 0
1.00295 0
1.00295 0
1.00295 0
1.00295 0
1.00295 0
1.00295 0
1.00295 5.13828e-321
1.00295 13.9
1.00295 9.49
1.00295 5.14322e-321
1.00295 10.29
1.00295 5.6
1.00295 12.45
1.00295 10.18
1.00295 8.7
1.00295 8.78
1.00295 8.83
1.00295 8.87
1.00295 8.92
1.00295 8.94
1.00295 8.98
1.00295 9
1.00295 9.02
1.00295 9.04
1.00295 9.05
1.00295 9.07
1.00295 9.09
1.00295 9.1
1.00295 9.11
1.00295 9.12
1.00295 9.14
1.00295 9.14
1.00295 9.16
1.00295 9.16
1.00295 9.17
1.00295 9.18
1.00295 9.18
1.00295 9.19
1.00295 9.2
1.00295 9.21
1.00295 9.21
1.00295 9.21
1.00295 9.23
1.00295 9.23
1.00295 9.23
1.003 109.918
1.003 109.906
1.003 109.894
1.003 109.883
1.003 0
1.003 0
1.003 0
1.003 0
1.003 0
1.003 0
1.003 0
1.003 5.13828e-321
1.003 13.9
1.003 9.49
1.003 5.14322e-321
1.003 10.29
1.003 5.61
1.003 12.47
1.003 10.17
1.003 8.69
1.003 8.76
1.003 8.82
1.003 8.87
1.003 8.91
1.003 8.94
1.003 8.96
1.003 8.99
1.003 9.01
1.003 9.03
1.003 9.05
1.003 9.07
1.003 9.08
1.003 9.09
1.003 9.11
1.003 9.12
1.003 9.13
1.003 9.14
1.003 9.14
1.003 9.16
1.003 9.16
1.003 9.18
1.003 9.18
1.003 9.19
1.003 9.19
1.003 9.2
1.003 9.21
1.003 9.21
1.003 9.21
1.003 9.23
1.003 9.23
1.00305 109.946
1.00305 109.934
1.00305 109.922
1.00305 109.912
1.00305 0
1.00305 0
1.00305 0
1.00305 0
1.00305 0
1.00305 0
1.00305 0
1.00305 5.13828e-321
1.00305 13.9
1.00305 9.49
1.00305 5.14322e-321
1.00305 10.29
1.00305 5.6
1.00305 12.47
1.00305 10.17
1.00305 8.68
1.00305 8.74
1.00305 8.81
1.00305 8.86
1.00305 8.9
1.00305 8.94
1.00305 8.96
1.00305 8.98
1.00305 9.01
1.00305 9.03
1.00305 9.05
1.00305 9.07
1.00305 9.07
1.00305 9.09
1.00305 9.1
1.00305 9.11
1.00305 9.12
1.00305 9.14
1.00305 9.14
1.00305 9.16
1.00305 9.16
1.00305 9.17
1.00305 9.18
1.00305 9.18
1.00305 9.19
1.00305 9.2
1.00305 9.21
1.00305 9.21
1.00305 9.21
1.00305 9.22
1.00305 9.23
1.0031 109.975
1.0031 109.962
1.0031 109.951
1.0031 109.94
1.0031 0
1.0031 0
1.0031 0
1.0031 0
1.0031 0
1.0031 0
1.0031 0
1.0031 5.13828e-321
1.0031 13.9
1.0031 9.49
1.0031 5.14322e-321
1.0031 10.29
1.0031 5.6
1.0031 12.48
1.0031 10.16
1.0031 8.66
1.0031 8.74
1.0031 8.8
1.0031 8.85
1.0031 8.89
1.0031 8.93
1.0031 8.96
1.0031 8.98
1.0031 9
1.0031 9.02
1.0031 9.04
1.0031 9.05
1.0031 9.07
1.0031 9.09
1.0031 9.1
1.0031 9.11
1.0031 9.12
1.0031 9.13
1.0031 9.14
1.0031 9.14
1.0031 9.16
1.0031 9.16
1.0031 9.17
1.0031 9.18
1.0031 9.19
1.0031 9.19
1.0031 9.2
1.0031 9.21
1.0031 9.21
1.0031 9.21
1.0031 9.23
1.00315 110.003
1.00315 109.991
1.00315 109.98
1.00315 109.969
1.00315 0
1.00315 0
1.00315 0
1.00315 0
1.00315 0
1.00315 0
1.00315 0
1.00315 5.13828e-321
1.00315 13.9
1.00315 9.49
1.00315 5.14322e-321
1.00315 10.29
1.00315 5.59
1.00315 12.5
1.00315 10.15
1.00315 8.64
1.00315 8.72
1.00315 8.79
1.00315 8.85
1.00315 8.89
1.00315 8.92
1.00315 8.95
1.00315 8.98
1.00315 9
1.00315 9.02
1.00315 9.03
1.00315 9.05
1.00315 9.07
1.00315 9.08
1.00315 9.09
1.00315 9.11
1.00315 9.12
1.00315 9.12
1.00315 9.14
1.00315 9.14
1.00315 9.16
1.00315 9.16
1.00315 9.17
1.00315 9.18
1.00315 9.18
1.00315 9.19
1.00315 9.19
1.00315 9.2
1.00315 9.21
1.00315 9.21
1.00315 9.21
1.0032 110.032
1.0032 110.02
1.0032 110.008
1.0032 109.997
1.0032 0
1.0032 0
1.0032 0
1.0032 0
1.0032 0
1.0032 0
1.0032 0
1.0032 5.13828e-321
1.0032 13.9
1.0032 9.49
1.0032 5.14322e-321
1.0032 10.29
1.0032 5.59
1.0032 12.5
1.0032 10.15
1.0032 8.63
1.0032 8.71
1.0032 8.78
1.0032 8.83
1.0032 8.88
1.0032 8.91
1.0032 8.94
1.0032 8.98
1.0032 9
1.0032 9.01
1.0032 9.03
1.0032 9.05
1.0032 9.07
1.0032 9.07
1.0032 9.09
1.0032 9.1
1.0032 9.11
1.0032 9.12
1.0032 9.13
1.0032 9.14
1.0032 9.14
1.0032 9.16
1.0032 9.16
1.0032 9.17
1.0032 9.18
1.0032 9.19
1.0032 9.19
1.0032 9.19
1.0032 9.21
1.0032 9.21
1.0032 9.21
1.00325 110.061
1.00325 110.049
1.00325 110.037
1.00325 110.026
1.00325 0
1.00325 0
1.00325 0
1.00325 0
1.00325 0
1.00325 0
1.00325 0
1.00325 5.13828e-321
1.00325 13.9
1.00325 9.49
1.00325 5.14322e-321
1.00325 10.29
1.00325 5.59
1.00325 12.51
1.00325 10.14
1.00325 8.61
1.00325 8.7
1.00325 8.78
1.00325 8.83
1.00325 8.87
1.00325 8.91
1.00325 8.94
1.00325 8.96
1.00325 8.99
1.00325 9.01
1.00325 9.03
1.00325 9.05
1.00325 9.05
1.00325 9.07
1.00325 9.09
1.00325 9.1
1.00325 9.11
1.00325 9.12
1.00325 9.13
1.00325 9.14
1.00325 9.14
1.00325 9.16
1.00325 9.16
1.00325 9.17
1.00325 9.18
1.00325 9.18
1.00325 9.19
1.00325 9.19
1.00325 9.2
1.00325 9.21
1.00325 9.21
1.0033 110.09
1.0033 110.078
1.0033 110.066
1.0033 110.056
1.0033 0
1.0033 0
1.0033 0
1.0033 0
1.0033 0
1.0033 0
1.0033 0
1.0033 5.13828e-321
1.0033 13.9
1.0033 9.49
1.0033 5.14322e-321
1.0033 10.29
1.0033 5.58
1.0033 12.53
1.0033 10.14
1.0033 8.59
1.0033 8.69
1.0033 8.76
1.0033 8.82
1.0033 8.87
1.0033 8.9
1.0033 8.94
1.0033 8.96
1.0033 8.98
1.0033 9
1.0033 9.02
1.0033 9.04
1.0033 9.05
1.0033 9.07
1.0033 9.08
1.0033 9.09
1.0033 9.11
1.0033 9.11
1.0033 9.12
1.0033 9.14
1.0033 9.14
1.0033 9.14
1.0033 9.16
1.0033 9.16
1.0033 9.17
1.0033 9.18
1.0033 9.18
1.0033 9.19
1.0033 9.19
1.0033 9.2
1.0033 9.21
1.00335 110.119
1.00335 110.107
1.00335 110.096
1.00335 110.085
1.00335 0
1.00335 0
1.00335 0
1.00335 0
1.00335 0
1.00335 0
1.00335 0
1.00335 5.13828e-321
1.00335 13.9
1.00335 9.49
1.00335 5.14322e-321
1.00335 10.29
1.00335 5.58
1.00335 12.53
1.00335 10.13
1.00335 8.58
1.00335 8.67
1.00335 8.76
1.00335 8.81
1.00335 8.86
1.00335 8.9
1.00335 8.93
1.00335 8.96
1.00335 8.98
1.00335 9
1.00335 9.02
1.00335 9.03
1.00335 9.05
1.00335 9.07
1.00335 9.07
1.00335 9.09
1.00335 9.1
1.00335 9.11
1.00335 9.12
1.00335 9.13
1.00335 9.14
1.00335 9.14
1.00335 9.16
1.00335 9.16
1.00335 9.17
1.00335 9.17
1.00335 9.18
1.00335 9.19
1.00335 9.19
1.00335 9.19
1.00335 9.21
1.0034 110.148
1.0034 110.136
1.0034 110.125
1.0034 110.115
1.0034 0
1.0034 0
1.0034 0
1.0034 0
1.0034 0
1.0034 0
1.0034 0
1.0034 5.13828e-321
1.0034 13.9
1.0034 9.49
1.0034 5.14322e-321
1.0034 10.29
1.0034 5.57
1.0034 12.55
1.0034 10.12
1.0034 8.56
1.0034 8.67
1.0034 8.75
1.0034 8.81
1.0034 8.85
1.0034 8.89
1.0034 8.92
1.0034 8.95
1.0034 8.98
1.0034 9
1.0034 9.02
1.0034 9.03
1.0034 9.05
1.0034 9.06
1.0034 9.07
1.0034 9.09
1.0034 9.09
1.0034 9.11
1.0034 9.12
1.0034 9.12
1.0034 9.14
1.0034 9.14
1.0034 9.14
1.0034 9.16
1.0034 9.16
1.0034 9.17
1.0034 9.18
1.0034 9.18
1.0034 9.19
1.0034 9.19
1.0034 9.19
1.00345 110.177
1.00345 110.166
1.00345 110.155
1.00345 110.145
1.00345 0
1.00345 0
1.00345 0
1.00345 0
1.00345 0
1.00345 0
1.00345 0
1.00345 5.13828e-321
1.00345 13.9
1.00345 9.49
1.00345 5.14322e-321
1.00345 10.3
1.00345 5.57
1.00345 12.56
1.00345 10.12
1.00345 8.54
1.00345 8.65
1.00345 8.74
1.00345 8.8
1.00345 8.85
1.00345 8.89
1.00345 8.92
1.00345 8.94
1.00345 8.98
1.00345 9
1.00345 9.01
1.00345 9.03
1.00345 9.04
1.00345 9.05
1.00345 9.07
1.00345 9.09
1.00345 9.09
1.00345 9.1
1.00345 9.11
1.00345 9.12
1.00345 9.13
1.00345 9.14
1.00345 9.14
1.00345 9.16
1.00345 9.16
1.00345 9.16
1.00345 9.17
1.00345 9.18
1.00345 9.18
1.00345 9.19
1.00345 9.19
1.0035 110.207
1.0035 110.195
1.0035 110.185
1.0035 110.175
1.0035 0
1.0035 0
1.0035 0
1.0035 0
1.0035 0
1.0035 0
1.0035 0
1.0035 5.13828e-321
1.0035 13.9
1.0035 9.49
1.0035 5.14322e-321
1.0035 10.3
1.0035 5.56
1.0035 12.56
1.0035 10.11
1.0035 8.53
1.0035 8.64
1.0035 8.73
1.0035 8.8
1.0035 8.84
1.0035 8.89
1.0035 8.91
1.0035 8.94
1.0035 8.96
1.0035 8.98
1.0035 9
1.0035 9.02
1.0035 9.04
1.0035 9.05
1.0035 9.07
1.0035 9.07
1.0035 9.09
1.0035 9.1
1.0035 9.11
1.0035 9.12
1.0035 9.12
1.0035 9.14
1.0035 9.14
1.0035 9.14
1.0035 9.16
1.0035 9.16
1.0035 9.17
1.0035 9.17
1.0035 9.18
1.0035 9.19
1.0035 9.19
1.00355 110.236
1.00355 110.225
1.00355 110.215
1.00355 110.205
1.00355 0
1.00355 0
1.00355 0
1.00355 0
1.00355 0
1.00355 0
1.00355 0
1.00355 5.13828e-321
1.00355 13.9
1.00355 9.49
1.00355 5.14322e-321
1.00355 10.3
1.00355 5.56
1.00355 12.58
1.00355 10.11
1.00355 8.51
1.00355 8.64
1.00355 8.73
1.00355 8.78
1.00355 8.84
1.00355 8.87
1.00355 8.91
1.00355 8.94
1.00355 8.96
1.00355 8.98
1.00355 9
1.00355 9.02
1.00355 9.03
1.00355 9.05
1.00355 9.07
1.00355 9.07
1.00355 9.09
1.00355 9.09
1.00355 9.11
1.00355 9.11
1.00355 9.12
1.00355 9.13
1.00355 9.14
1.00355 9.14
1.00355 9.16
1.00355 9.16
1.00355 9.16
1.00355 9.17
1.00355 9.18
1.00355 9.18
1.00355 9.19
1.0036 110.266
1.0036 110.255
1.0036 110.245
1.0036 110.235
1.0036 0
1.0036 0
1.0036 0
1.0036 0
1.0036 0
1.0036 0
1.0036 0
1.0036 5.13828e-321
1.0036 13.9
1.0036 9.49
1.0036 5.14322e-321
1.0036 10.3
1.0036 5.55
1.0036 12.58
1.0036 10.1
1.0036 8.49
1.0036 8.62
1.0036 8.71
1.0036 8.78
1.0036 8.83
1.0036 8.87
1.0036 8.91
1.0036 8.93
1.0036 8.96
1.0036 8.98
1.0036 9
1.0036 9.02
1.0036 9.03
1.0036 9.05
1.0036 9.06
1.0036 9.07
1.0036 9.09
1.0036 9.09
1.0036 9.1
1.0036 9.11
1.0036 9.12
1.0036 9.12
1.0036 9.14
1.0036 9.14
1.0036 9.14
1.0036 9.16
1.0036 9.16
1.0036 9.17
1.0036 9.17
1.0036 9.18
1.0036 9.18
1.00365 110.296
1.00365 110.285
1.00365 110.275
1.00365 110.266
1.00365 0
1.00365 0
1.00365 0
1.00365 0
1.00365 0
1.00365 0
1.00365 0
1.00365 5.13828e-321
1.00365 13.9
1.00365 9.49
1.00365 5.14322e-321
1.00365 10.3
1.00365 5.55
1.00365 12.59
1.00365 10.1
1.00365 8.48
1.00365 8.62
1.00365 8.71
1.00365 8.78
1.00365 8.83
1.00365 8.87
1.00365 8.9
1.00365 8.93
1.00365 8.96
1.00365 8.98
1.00365 9
1.00365 9.01
1.00365 9.03
1.00365 9.04
1.00365 9.05
1.00365 9.07
1.00365 9.07
1.00365 9.09
1.00365 9.1
1.00365 9.11
1.00365 9.12
1.00365 9.12
1.00365 9.13
1.00365 9.14
1.00365 9.14
1.00365 9.15
1.00365 9.16
1.00365 9.16
1.00365 9.17
1.00365 9.17
1.00365 9.18
1.0037 110.326
1.0037 110.315
1.0037 110.306
1.0037 110.296
1.0037 0
1.0037 0
1.0037 0
1.0037 0
1.0037 0
1.0037 0
1.0037 0
1.0037 5.13828e-321
1.0037 13.9
1.0037 9.49
1.0037 5.14322e-321
1.0037 10.3
1.0037 5.54
1.0037 12.61
1.0037 10.09
1.0037 8.46
1.0037 8.6
1.0037 8.71
1.0037 8.77
1.0037 8.82
1.0037 8.87
1.0037 8.89
1.0037 8.93
1.0037 8.95
1.0037 8.98
1.0037 9
1.0037 9.01
1.0037 9.02
1.0037 9.04
1.0037 9.05
1.0037 9.07
1.0037 9.07
1.0037 9.09
1.0037 9.09
1.0037 9.1
1.0037 9.11
1.0037 9.12
1.0037 9.12
1.0037 9.14
1.0037 9.14
1.0037 9.14
1.0037 9.16
1.0037 9.16
1.0037 9.16
1.0037 9.17
1.0037 9.17
1.00375 110.356
1.00375 110.346
1.00375 110.336
1.00375 110.327
1.00375 0
1.00375 0
1.00375 0
1.00375 0
1.00375 0
1.00375 0
1.00375 0
1.00375 5.13828e-321
1.00375 13.9
1.00375 9.49
1.00375 5.14322e-321
1.00375 10.3
1.00375 5.54
1.00375 12.61
1.00375 10.08
1.00375 8.44
1.00375 8.6
1.00375 8.69
1.00375 8.76
1.00375 8.82
1.00375 8.86
1.00375 8.89
1.00375 8.92
1.00375 8.95
1.00375 8.97
1.00375 8.98
1.00375 9
1.00375 9.02
1.00375 9.03
1.00375 9.05
1.00375 9.06
1.00375 9.07
1.00375 9.09
1.00375 9.09
1.00375 9.1
1.00375 9.11
1.00375 9.12
1.00375 9.12
1.00375 9.13
1.00375 9.14
1.00375 9.14
1.00375 9.15
1.00375 9.16
1.00375 9.16
1.00375 9.17
1.00375 9.17
1.0038 110.386
1.0038 110.376
1.0038 110.367
1.0038 110.358
1.0038 0
1.0038 0
1.0038 0
1.0038 0
1.0038 0
1.0038 0
1.0038 0
1.0038 5.13828e-321
1.0038 13.9
1.0038 9.49
1.0038 5.14322e-321
1.0038 10.3
1.0038 5.53
1.0038 12.62
1.0038 10.08
1.0038 8.44
1.0038 8.59
1.0038 8.69
1.0038 8.76
1.0038 8.82
1.0038 8.85
1.0038 8.89
1.0038 8.92
1.0038 8.94
1.0038 8.96
1.0038 8.98
1.0038 9
1.0038 9.02
1.0038 9.03
1.0038 9.05
1.0038 9.05
1.0038 9.07
1.0038 9.07
1.0038 9.09
1.0038 9.09
1.0038 9.11
1.0038 9.11
1.0038 9.12
1.0038 9.12
1.0038 9.14
1.0038 9.14
1.0038 9.14
1.0038 9.15
1.0038 9.16
1.0038 9.16
1.0038 9.17
1.00385 110.416
1.00385 110.407
1.00385 110.398
1.00385 110.389
1.00385 0
1.00385 0
1.00385 0
1.00385 0
1.00385 0
1.00385 0
1.00385 0
1.00385 5.13828e-321
1.00385 13.9
1.00385 9.49
1.00385 5.14322e-321
1.00385 10.3
1.00385 5.53
1.00385 12.63
1.00385 10.08
1.00385 8.42
1.00385 8.58
1.00385 8.69
1.00385 8.76
1.00385 8.81
1.00385 8.85
1.00385 8.89
1.00385 8.91
1.00385 8.94
1.00385 8.96
1.00385 8.98
1.00385 9
1.00385 9.02
1.00385 9.03
1.00385 9.04
1.00385 9.05
1.00385 9.07
1.00385 9.07
1.00385 9.09
1.00385 9.09
1.00385 9.1
1.00385 9.11
1.00385 9.12
1.00385 9.12
1.00385 9.13
1.00385 9.14
1.00385 9.14
1.00385 9.14
1.00385 9.16
1.00385 9.16
1.00385 9.16
1.0039 110.446
1.0039 110.437
1.0039 110.428
1.0039 110.42
1.0039 0
1.0039 0
1.0039 0
1.0039 0
1.0039 0
1.0039 0
1.0039 0
1.0039 5.13828e-321
1.0039 13.9
1.0039 9.49
1.0039 5.14322e-321
1.0039 10.3
1.0039 5.53
1.0039 12.64
1.0039 10.08
1.0039 8.4
1.0039 8.57
1.0039 8.68
1.0039 8.75
1.0039 8.8
1.0039 8.85
1.0039 8.89
1.0039 8.91
1.0039 8.94
1.0039 8.96
1.0039 8.98
1.0039 9
1.0039 9.01
1.0039 9.02
1.0039 9.04
1.0039 9.05
1.0039 9.06
1.0039 9.07
1.0039 9.08
1.0039 9.09
1.0039 9.1
1.0039 9.11
1.0039 9.11
1.0039 9.12
1.0039 9.12
1.0039 9.14
1.0039 9.14
1.0039 9.14
1.0039 9.15
1.0039 9.16
1.0039 9.16
1.00395 110.477
1.00395 110.468
1.00395 110.459
1.00395 110.452
1.00395 0
1.00395 0
1.00395 0
1.00395 0
1.00395 0
1.00395 0
1.00395 0
1.00395 5.13828e-321
1.00395 13.9
1.00395 9.49
1.00395 5.14322e-321
1.00395 10.3
1.00395 5.53
1.00395 12.66
1.00395 10.07
1.00395 8.39
1.00395 8.57
1.00395 8.67
1.00395 8.75
1.00395 8.8
1.00395 8.84
1.00395 8.87
1.00395 8.91
1.00395 8.93
1.00395 8.96
1.00395 8.98
1.00395 9
1.00395 9
1.00395 9.02
1.00395 9.03
1.00395 9.05
1.00395 9.05
1.00395 9.07
1.00395 9.07
1.00395 9.09
1.00395 9.09
1.00395 9.1
1.00395 9.11
1.00395 9.12
1.00395 9.12
1.00395 9.12
1.00395 9.14
1.00395 9.14
1.00395 9.14
1.00395 9.15
1.00395 9.16
1.004 110.507
1.004 110.499
1.004 110.491
1.004 110.483
1.004 0
1.004 0
1.004 0
1.004 0
1.004 0
1.004 0
1.004 0
1.004 5.13828e-321
1.004 13.9
1.004 9.49
1.004 5.14322e-321
1.004 10.3
1.004 5.52
1.004 12.66
1.004 10.07
1.004 8.37
1.004 8.55
1.004 8.67
1.004 8.74
1.004 8.8
1.004 8.84
1.004 8.87
1.004 8.91
1.004 8.93
1.004 8.95
1.004 8.97
1.004 8.98
1.004 9
1.004 9.02
1.004 9.03
1.004 9.04
1.004 9.05
1.004 9.07
1.004 9.07
1.004 9.09
1.004 9.09
1.004 9.1
1.004 9.11
1.004 9.11
1.004 9.12
1.004 9.12
1.004 9.14
1.004 9.14
1.004 9.14
1.004 9.14
1.004 9.15
1.00405 110.538
1.00405 110.529
1.00405 110.522
1.00405 110.514
1.00405 0
1.00405 0
1.00405 0
1.00405 0
1.00405 0
1.00405 0
1.00405 0
1.00405 5.13828e-321
1.00405 13.9
1.00405 9.49
1.00405 5.14322e-321
1.00405 10.3
1.00405 5.52
1.00405 12.67
1.00405 10.06
1.00405 8.35
1.00405 8.55
1.00405 8.66
1.00405 8.73
1.00405 8.8
1.00405 8.84
1.00405 8.87
1.00405 8.91
1.00405 8.93
1.00405 8.95
1.00405 8.97
1.00405 8.98
1.00405 9
1.00405 9.02
1.00405 9.03
1.00405 9.04
1.00405 9.05
1.00405 9.06
1.00405 9.07
1.00405 9.07
1.00405 9.09
1.00405 9.09
1.00405 9.1
1.00405 9.11
1.00405 9.12
1.00405 9.12
1.00405 9.12
1.00405 9.14
1.00405 9.14
1.00405 9.14
1.00405 9.15
1.0041 110.568
1.0041 110.56
1.0041 110.553
1.0041 110.546
1.0041 0
1.0041 0
1.0041 0
1.0041 0
1.0041 0
1.0041 0
1.0041 0
1.0041 5.13828e-321
1.0041 13.9
1.0041 9.49
1.0041 5.14322e-321
1.0041 10.3
1.0041 5.51
1.0041 12.68
1.0041 10.06
1.0041 8.34
1.0041 8.54
1.0041 8.66
1.0041 8.73
1.0041 8.78
1.0041 8.83
1.0041 8.87
1.0041 8.89
1.0041 8.93
1.0041 8.95
1.0041 8.96
1.0041 8.98
1.0041 9
1.0041 9.01
1.0041 9.02
1.0041 9.04
1.0041 9.05
1.0041 9.05
1.0041 9.07
1.0041 9.07
1.0041 9.09
1.0041 9.09
1.0041 9.1
1.0041 9.1
1.0041 9.11
1.0041 9.12
1.0041 9.12
1.0041 9.12
1.0041 9.14
1.0041 9.14
1.0041 9.14
1.00415 110.599
1.00415 110.591
1.00415 110.584
1.00415 110.578
1.00415 0
1.00415 0
1.00415 0
1.00415 0
1.00415 0
1.00415 0
1.00415 0
1.00415 5.13828e-321
1.00415 13.9
1.00415 9.49
1.00415 5.14322e-321
1.00415 10.3
1.00415 5.51
1.00415 12.69
1.00415 10.05
1.00415 8.32
1.00415 8.53
1.00415 8.65
1.00415 8.73
1.00415 8.78
1.00415 8.83
1.00415 8.87
1.00415 8.89
1.00415 8.92
1.00415 8.94
1.00415 8.96
1.00415 8.98
1.00415 9
1.00415 9.01
1.00415 9.02
1.00415 9.03
1.00415 9.05
1.00415 9.05
1.00415 9.07
1.00415 9.07
1.00415 9.08
1.00415 9.09
1.00415 9.09
1.00415 9.1
1.00415 9.11
1.00415 9.12
1.00415 9.12
1.00415 9.12
1.00415 9.14
1.00415 9.14
1.00415 9.14
1.0042 110.629
1.0042 110.622
1.0042 110.616
1.0042 110.609
1.0042 0
1.0042 0
1.0042 0
1.0042 0
1.0042 0
1.0042 0
1.0042 0
1.0042 5.13828e-321
1.0042 13.9
1.0042 9.49
1.0042 5.14322e-321
1.0042 10.3
1.0042 5.5
1.0042 12.7
1.0042 10.05
1.0042 8.31
1.0042 8.52
1.0042 8.64
1.0042 8.73
1.0042 8.78
1.0042 8.82
1.0042 8.86
1.0042 8.89
1.0042 8.91
1.0042 8.94
1.0042 8.96
1.0042 8.98
1.0042 9
1.0042 9
1.0042 9.02
1.0042 9.03
1.0042 9.04
1.0042 9.05
1.0042 9.06
1.0042 9.07
1.0042 9.07
1.0042 9.09
1.0042 9.09
1.0042 9.1
1.0042 9.1
1.0042 9.11
1.0042 9.12
1.0042 9.12
1.0042 9.12
1.0042 9.14
1.0042 9.14
1.00425 110.66
1.00425 110.653
1.00425 110.647
1.00425 110.641
1.00425 0
1.00425 0
1.00425 0
1.00425 0
1.00425 0
1.00425 0
1.00425 0
1.00425 5.13828e-321
1.00425 13.9
1.00425 9.49
1.00425 5.14322e-321
1.00425 10.3
1.00425 5.5
1.00425 12.71
1.00425 10.04
1.00425 8.29
1.00425 8.52
1.00425 8.64
1.00425 8.72
1.00425 8.78
1.00425 8.82
1.00425 8.86
1.00425 8.89
1.00425 8.91
1.00425 8.94
1.00425 8.96
1.00425 8.98
1.00425 8.98
1.00425 9
1.00425 9.02
1.00425 9.03
1.00425 9.04
1.00425 9.05
1.00425 9.05
1.00425 9.07
1.00425 9.07
1.00425 9.08
1.00425 9.09
1.00425 9.09
1.00425 9.1
1.00425 9.11
1.00425 9.11
1.00425 9.12
1.00425 9.12
1.00425 9.12
1.00425 9.14
1.0043 110.691
1.0043 110.684
1.0043 110.678
1.0043 110.673
1.0043 0
1.0043 0
1.0043 0
1.0043 0
1.0043 0
1.0043 0
1.0043 0
1.0043 5.13828e-321
1.0043 13.9
1.0043 9.49
1.0043 5.14322e-321
1.0043 10.3
1.0043 5.49
1.0043 12.72
1.0043 10.04
1.0043 8.27
1.0043 8.51
1.0043 8.64
1.0043 8.71
1.0043 8.78
1.0043 8.82
1.0043 8.86
1.0043 8.89
1.0043 8.91
1.0043 8.93
1.0043 8.95
1.0043 8.97
1.0043 8.98
1.0043 9
1.0043 9.02
1.0043 9.02
1.0043 9.04
1.0043 9.05
1.0043 9.05
1.0043 9.07
1.0043 9.07
1.0043 9.07
1.0043 9.09
1.0043 9.09
1.0043 9.1
1.0043 9.1
1.0043 9.11
1.0043 9.12
1.0043 9.12
1.0043 9.12
1.0043 9.12
1.00435 110.721
1.00435 110.715
1.00435 110.71
1.00435 110.705
1.00435 0
1.00435 0
1.00435 0
1.00435 0
1.00435 0
1.00435 0
1.00435 0
1.00435 5.13828e-321
1.00435 13.9
1.00435 9.49
1.00435 5.14322e-321
1.00435 10.3
1.00435 5.49
1.00435 12.72
1.00435 10.03
1.00435 8.27
1.00435 8.5
1.00435 8.64
1.00435 8.71
1.00435 8.77
1.00435 8.82
1.00435 8.85
1.00435 8.89
1.00435 8.91
1.00435 8.93
1.00435 8.95
1.00435 8.97
1.00435 8.98
1.00435 9
1.00435 9.01
1.00435 9.02
1.00435 9.03
1.00435 9.04
1.00435 9.05
1.00435 9.06
1.00435 9.07
1.00435 9.07
1.00435 9.08
1.00435 9.09
1.00435 9.09
1.00435 9.1
1.00435 9.1
1.00435 9.11
1.00435 9.12
1.00435 9.12
1.00435 9.12
1.0044 110.752
1.0044 110.746
1.0044 110.741
1.0044 110.736
1.0044 0
1.0044 0
1.0044 0
1.0044 0
1.0044 0
1.0044 0
1.0044 0
1.0044 5.13828e-321
1.0044 13.9
1.0044 9.49
1.0044 5.14322e-321
1.0044 10.3
1.0044 5.48
1.0044 12.74
1.0044 10.03
1.0044 8.25
1.0044 8.5
1.0044 8.62
1.0044 8.71
1.0044 8.77
1.0044 8.82
1.0044 8.85
1.0044 8.88
1.0044 8.91
1.0044 8.93
1.0044 8.95
1.0044 8.96
1.0044 8.98
1.0044 9
1.0044 9
1.0044 9.02
1.0044 9.03
1.0044 9.04
1.0044 9.05
1.0044 9.05
1.0044 9.07
1.0044 9.07
1.0044 9.07
1.0044 9.09
1.0044 9.09
1.0044 9.1
1.0044 9.1
1.0044 9.1
1.0044 9.11
1.0044 9.12
1.0044 9.12
1.00445 110.783
1.00445 110.777
1.00445 110.773
1.00445 110.768
1.00445 0
1.00445 0
1.00445 0
1.00445 0
1.00445 0
1.00445 0
1.00445 0
1.00445 5.13828e-321
1.00445 13.9
1.00445 9.49
1.00445 5.14322e-321
1.00445 10.3
1.00445 5.48
1.00445 12.74
1.00445 10.02
1.00445 8.24
1.00445 8.5
1.00445 8.62
1.00445 8.71
1.00445 8.77
1.00445 8.82
1.00445 8.85
1.00445 8.88
1.00445 8.91
1.00445 8.93
1.00445 8.95
1.00445 8.96
1.00445 8.98
1.00445 9
1.00445 9
1.00445 9.02
1.00445 9.02
1.00445 9.04
1.00445 9.05
1.00445 9.05
1.00445 9.06
1.00445 9.07
1.00445 9.07
1.00445 9.08
1.00445 9.09
1.00445 9.09
1.00445 9.1
1.00445 9.1
1.00445 9.1
1.00445 9.12
1.00445 9.12
1.0045 110.813
1.0045 110.808
1.0045 110.804
1.0045 110.8
1.0045 0
1.0045 0
1.0045 0
1.0045 0
1.0045 0
1.0045 0
1.0045 0
1.0045 5.13828e-321
1.0045 13.9
1.0045 9.49
1.0045 5.14322e-321
1.0045 10.3
1.0045 5.47
1.0045 12.75
1.0045 10.02
1.0045 8.22
1.0045 8.49
1.0045 8.62
1.0045 8.71
1.0045 8.76
1.0045 8.8
1.0045 8.84
1.0045 8.87
1.0045 8.9
1.0045 8.93
1.0045 8.94
1.0045 8.96
1.0045 8.98
1.0045 8.98
1.0045 9
1.0045 9.02
1.0045 9.02
1.0045 9.03
1.0045 9.04
1.0045 9.05
1.0045 9.05
1.0045 9.07
1.0045 9.07
1.0045 9.07
1.0045 9.09
1.0045 9.09
1.0045 9.09
1.0045 9.1
1.0045 9.1
1.0045 9.11
1.0045 9.12
1.00455 110.844
1.00455 110.839
1.00455 110.835
1.00455 110.832
1.00455 0
1.00455 0
1.00455 0
1.00455 0
1.00455 0
1.00455 0
1.00455 0
1.00455 5.13828e-321
1.00455 13.9
1.00455 9.49
1.00455 5.14322e-321
1.00455 10.3
1.00455 5.47
1.00455 12.76
1.00455 10.01
1.00455 8.21
1.00455 8.48
1.00455 8.62
1.00455 8.7
1.00455 8.76
1.00455 8.8
1.00455 8.84
1.00455 8.87
1.00455 8.89
1.00455 8.92
1.00455 8.94
1.00455 8.96
1.00455 8.97
1.00455 8.98
1.00455 9
1.00455 9.01
1.00455 9.02
1.00455 9.03
1.00455 9.04
1.00455 9.05
1.00455 9.05
1.00455 9.06
1.00455 9.07
1.00455 9.07
1.00455 9.08
1.00455 9.09
1.00455 9.09
1.00455 9.1
1.00455 9.1
1.00455 9.1
1.00455 9.1
1.0046 110.875
1.0046 110.87
1.0046 110.867
1.0046 110.863
1.0046 0
1.0046 0
1.0046 0
1.0046 0
1.0046 0
1.0046 0
1.0046 0
1.0046 5.13828e-321
1.0046 13.9
1.0046 9.49
1.0046 5.14322e-321
1.0046 10.3
1.0046 5.46
1.0046 12.77
1.0046 10.01
1.0046 8.19
1.0046 8.48
1.0046 8.61
1.0046 8.7
1.0046 8.76
1.0046 8.8
1.0046 8.84
1.0046 8.87
1.0046 8.89
1.0046 8.91
1.0046 8.93
1.0046 8.95
1.0046 8.97
1.0046 8.98
1.0046 9
1.0046 9
1.0046 9.02
1.0046 9.02
1.0046 9.03
1.0046 9.04
1.0046 9.05
1.0046 9.05
1.0046 9.07
1.0046 9.07
1.0046 9.07
1.0046 9.08
1.0046 9.09
1.0046 9.09
1.0046 9.1
1.0046 9.1
1.0046 9.1
1.00465 110.905
1.00465 110.901
1.00465 110.898
1.00465 110.895
1.00465 0
1.00465 0
1.00465 0
1.00465 0
1.00465 0
1.00465 0
1.00465 0
1.00465 5.13828e-321
1.00465 13.9
1.00465 9.49
1.00465 5.14322e-321
1.00465 10.31
1.00465 5.46
1.00465 12.78
1.00465 10
1.00465 8.18
1.00465 8.47
1.00465 8.61
1.00465 8.69
1.00465 8.75
1.00465 8.8
1.00465 8.84
1.00465 8.87
1.00465 8.89
1.00465 8.91
1.00465 8.93
1.00465 8.95
1.00465 8.97
1.00465 8.98
1.00465 9
1.00465 9
1.00465 9.02
1.00465 9.02
1.00465 9.03
1.00465 9.04
1.00465 9.05
1.00465 9.05
1.00465 9.06
1.00465 9.07
1.00465 9.07
1.00465 9.07
1.00465 9.08
1.00465 9.09
1.00465 9.09
1.00465 9.1
1.00465 9.1
1.0047 110.935
1.0047 110.932
1.0047 110.929
1.0047 110.927
1.0047 0
1.0047 0
1.0047 0
1.0047 0
1.0047 0
1.0047 0
1.0047 0
1.0047 5.13828e-321
1.0047 13.9
1.0047 9.49
1.0047 5.14322e-321
1.0047 10.31
1.0047 5.46
1.0047 12.79
1.0047 10
1.0047 8.16
1.0047 8.47
1.0047 8.61
1.0047 8.69
1.0047 8.75
1.0047 8.8
1.0047 8.84
1.0047 8.86
1.0047 8.89
1.0047 8.91
1.0047 8.93
1.0047 8.95
1.0047 8.96
1.0047 8.98
1.0047 8.99
1.0047 9
1.0047 9.01
1.0047 9.02
1.0047 9.03
1.0047 9.04
1.0047 9.04
1.0047 9.05
1.0047 9.05
1.0047 9.07
1.0047 9.07
1.0047 9.07
1.0047 9.08
1.0047 9.08
1.0047 9.09
1.0047 9.09
1.0047 9.1
1.00475 110.966
1.00475 110.963
1.00475 110.96
1.00475 110.958
1.00475 0
1.00475 0
1.00475 0
1.00475 0
1.00475 0
1.00475 0
1.00475 0
1.00475 5.13828e-321
1.00475 13.9
1.00475 9.49
1.00475 5.14322e-321
1.00475 10.31
1.00475 5.46
1.00475 12.79
1.00475 9.99
1.00475 8.15
1.00475 8.47
1.00475 8.61
1.00475 8.69
1.00475 8.75
1.00475 8.8
1.00475 8.84
1.00475 8.86
1.00475 8.89
1.00475 8.91
1.00475 8.93
1.00475 8.95
1.00475 8.96
1.00475 8.98
1.00475 8.98
1.00475 9
1.00475 9
1.00475 9.02
1.00475 9.02
1.00475 9.03
1.00475 9.04
1.00475 9.05
1.00475 9.05
1.00475 9.06
1.00475 9.07
1.00475 9.07
1.00475 9.07
1.00475 9.08
1.00475 9.08
1.00475 9.09
1.00475 9.09
1.0048 110.996
1.0048 110.993
1.0048 110.991
1.0048 110.989
1.0048 0
1.0048 0
1.0048 0
1.0048 0
1.0048 0
1.0048 0
1.0048 0
1.0048 5.13828e-321
1.0048 13.9
1.0048 9.49
1.0048 5.14322e-321
1.0048 10.31
1.0048 5.45
1.0048 12.81
1.0048 9.99
1.0048 8.14
1.0048 8.46
1.0048 8.6
1.0048 8.69
1.0048 8.75
1.0048 8.79
1.0048 8.83
1.0048 8.86
1.0048 8.89
1.0048 8.91
1.0048 8.93
1.0048 8.95
1.0048 8.96
1.0048 8.97
1.0048 8.98
1.0048 9
1.0048 9
1.0048 9.02
1.0048 9.02
1.0048 9.03
1.0048 9.04
1.0048 9.05
1.0048 9.05
1.0048 9.05
1.0048 9.07
1.0048 9.07
1.0048 9.07
1.0048 9.07
1.0048 9.08
1.0048 9.08
1.0048 9.09
1.00485 111.026
1.00485 111.024
1.00485 111.022
1.00485 111.021
1.00485 0
1.00485 0
1.00485 0
1.00485 0
1.00485 0
1.00485 0
1.00485 0
1.00485 5.13828e-321
1.00485 13.9
1.00485 9.49
1.00485 5.14322e-321
1.00485 10.31
1.00485 5.44
1.00485 12.81
1.00485 9.98
1.00485 8.12
1.00485 8.45
1.00485 8.6
1.00485 8.68
1.00485 8.75
1.00485 8.79
1.00485 8.82
1.00485 8.86
1.00485 8.88
1.00485 8.91
1.00485 8.93
1.00485 8.94
1.00485 8.95
1.00485 8.97
1.00485 8.98
1.00485 8.99
1.00485 9
1.00485 9.01
1.00485 9.02
1.00485 9.02
1.00485 9.03
1.00485 9.04
1.00485 9.05
1.00485 9.05
1.00485 9.05
1.00485 9.07
1.00485 9.07
1.00485 9.07
1.00485 9.08
1.00485 9.08
1.00485 9.08
1.0049 111.056
1.0049 111.055
1.0049 111.053
1.0049 111.052
1.0049 0
1.0049 0
1.0049 0
1.0049 0
1.0049 0
1.0049 0
1.0049 0
1.0049 5.13828e-321
1.0049 13.9
1.0049 9.49
1.0049 5.14322e-321
1.0049 10.31
1.0049 5.44
1.0049 12.82
1.0049 9.98
1.0049 8.11
1.0049 8.45
1.0049 8.59
1.0049 8.68
1.0049 8.75
1.0049 8.79
1.0049 8.82
1.0049 8.86
1.0049 8.88
1.0049 8.9
1.0049 8.93
1.0049 8.93
1.0049 8.95
1.0049 8.97
1.0049 8.98
1.0049 8.99
1.0049 9
1.0049 9
1.0049 9.02
1.0049 9.02
1.0049 9.03
1.0049 9.04
1.0049 9.04
1.0049 9.05
1.0049 9.05
1.0049 9.05
1.0049 9.07
1.0049 9.07
1.0049 9.07
1.0049 9.08
1.0049 9.08
1.00495 111.086
1.00495 111.085
1.00495 111.084
1.00495 111.083
1.00495 0
1.00495 0
1.00495 0
1.00495 0
1.00495 0
1.00495 0
1.00495 0
1.00495 5.13828e-321
1.00495 13.9
1.00495 9.49
1.00495 5.14322e-321
1.00495 10.31
1.00495 5.43
1.00495 12.83
1.00495 9.97
1.00495 8.1
1.00495 8.45
1.00495 8.59
1.00495 8.68
1.00495 8.75
1.00495 8.79
1.00495 8.82
1.00495 8.86
1.00495 8.88
1.00495 8.9
1.00495 8.91
1.00495 8.93
1.00495 8.95
1.00495 8.96
1.00495 8.98
1.00495 8.98
1.00495 9
1.00495 9
1.00495 9.02
1.00495 9.02
1.00495 9.03
1.00495 9.03
1.00495 9.04
1.00495 9.05
1.00495 9.05
1.00495 9.05
1.00495 9.06
1.00495 9.07
1.00495 9.07
1.00495 9.07
1.00495 9.08
1.005 111.116
1.005 111.115
1.005 111.114
1.005 111.114
1.005 0
1.005 0
1.005 0
1.005 0
1.005 0
1.005 0
1.005 0
1.005 5.13828e-321
1.005 13.9
1.005 9.49
1.005 5.14322e-321
1.005 10.31
1.005 5.43
1.005 12.84
1.005 9.97
1.005 8.09
1.005 8.45
1.005 8.59
1.005 8.68
1.005 8.73
1.005 8.78
1.005 8.82
1.005 8.85
1.005 8.88
1.005 8.9
1.005 8.91
1.005 8.93
1.005 8.95
1.005 8.96
1.005 8.97
1.005 8.98
1.005 9
1.005 9
1.005 9.01
1.005 9.02
1.005 9.02
1.005 9.03
1.005 9.04
1.005 9.04
1.005 9.05
1.005 9.05
1.005 9.05
1.005 9.06
1.005 9.07
1.005 9.07
1.005 9.07
1.00505 111.146
1.00505 111.145
1.00505 111.145
1.00505 111.145
1.00505 0
1.00505 0
1.00505 0
1.00505 0
1.00505 0
1.00505 0
1.00505 0
1.00505 5.13828e-321
1.00505 13.9
1.00505 9.49
1.00505 5.14322e-321
1.00505 10.31
1.00505 5.42
1.00505 12.84
1.00505 9.97
1.00505 8.08
1.00505 8.45
1.00505 8.59
1.00505 8.68
1.00505 8.73
1.00505 8.78
1.00505 8.82
1.00505 8.84
1.00505 8.87
1.00505 8.89
1.00505 8.91
1.00505 8.93
1.00505 8.95
1.00505 8.96
1.00505 8.97
1.00505 8.98
1.00505 8.99
1.00505 9
1.00505 9
1.00505 9.02
1.00505 9.02
1.00505 9.03
1.00505 9.03
1.00505 9.04
1.00505 9.05
1.00505 9.05
1.00505 9.05
1.00505 9.05
1.00505 9.06
1.00505 9.07
1.00505 9.07
1.0051 111.176
1.0051 111.175
1.0051 111.175
1.0051 111.176
1.0051 0
1.0051 0
1.0051 0
1.0051 0
1.0051 0
1.0051 0
1.0051 0
1.0051 5.13828e-321
1.0051 13.9
1.0051 9.49
1.0051 5.14322e-321
1.0051 10.31
1.0051 5.42
1.0051 12.86
1.0051 9.96
1.0051 8.06
1.0051 8.44
1.0051 8.59
1.0051 8.68
1.0051 8.73
1.0051 8.78
1.0051 8.82
1.0051 8.84
1.0051 8.87
1.0051 8.89
1.0051 8.91
1.0051 8.93
1.0051 8.95
1.0051 8.95
1.0051 8.97
1.0051 8.98
1.0051 8.98
1.0051 9
1.0051 9
1.0051 9.01
1.0051 9.02
1.0051 9.02
1.0051 9.03
1.0051 9.03
1.0051 9.04
1.0051 9.05
1.0051 9.05
1.0051 9.05
1.0051 9.05
1.0051 9.06
1.0051 9.07
1.00515 111.205
1.00515 111.205
1.00515 111.205
1.00515 111.206
1.00515 0
1.00515 0
1.00515 0
1.00515 0
1.00515 0
1.00515 0
1.00515 0
1.00515 5.13828e-321
1.00515 13.9
1.00515 9.49
1.00515 5.14322e-321
1.00515 10.31
1.00515 5.41
1.00515 12.86
1.00515 9.96
1.00515 8.05
1.00515 8.44
1.00515 8.59
1.00515 8.68
1.00515 8.73
1.00515 8.78
1.00515 8.82
1.00515 8.84
1.00515 8.87
1.00515 8.89
1.00515 8.91
1.00515 8.93
1.00515 8.94
1.00515 8.95
1.00515 8.96
1.00515 8.97
1.00515 8.98
1.00515 9
1.00515 9
1.00515 9
1.00515 9.02
1.00515 9.02
1.00515 9.03
1.00515 9.03
1.00515 9.03
1.00515 9.04
1.00515 9.05
1.00515 9.05
1.00515 9.05
1.00515 9.05
1.00515 9.06
1.0052 111.234
1.0052 111.235
1.0052 111.235
1.0052 111.237
1.0052 0
1.0052 0
1.0052 0
1.0052 0
1.0052 0
1.0052 0
1.0052 0
1.0052 5.13828e-321
1.0052 13.9
1.0052 9.49
1.0052 5.14322e-321
1.0052 10.31
1.0052 5.41
1.0052 12.88
1.0052 9.95
1.0052 8.03
1.0052 8.44
1.0052 8.59
1.0052 8.67
1.0052 8.73
1.0052 8.77
1.0052 8.81
1.0052 8.84
1.0052 8.86
1.0052 8.89
1.0052 8.91
1.0052 8.93
1.0052 8.93
1.0052 8.95
1.0052 8.96
1.0052 8.97
1.0052 8.98
1.0052 8.99
1.0052 9
1.0052 9
1.0052 9.01
1.0052 9.02
1.0052 9.02
1.0052 9.03
1.0052 9.03
1.0052 9.04
1.0052 9.05
1.0052 9.05
1.0052 9.05
1.0052 9.05
1.0052 9.05
1.00525 111.264
1.00525 111.264
1.00525 111.265
1.00525 111.267
1.00525 0
1.00525 0
1.00525 0
1.00525 0
1.00525 0
1.00525 0
1.00525 0
1.00525 5.13828e-321
1.00525 13.9
1.00525 9.49
1.00525 5.14322e-321
1.00525 10.31
1.00525 5.4
1.00525 12.88
1.00525 9.95
1.00525 8.03
1.00525 8.44
1.00525 8.59
1.00525 8.66
1.00525 8.73
1.00525 8.77
1.00525 8.81
1.00525 8.84
1.00525 8.86
1.00525 8.89
1.00525 8.91
1.00525 8.92
1.00525 8.93
1.00525 8.95
1.00525 8.96
1.00525 8.97
1.00525 8.98
1.00525 8.98
1.00525 9
1.00525 9
1.00525 9
1.00525 9.02
1.00525 9.02
1.00525 9.02
1.00525 9.03
1.00525 9.03
1.00525 9.04
1.00525 9.05
1.00525 9.05
1.00525 9.05
1.00525 9.05
1.0053 111.293
1.0053 111.294
1.0053 111.295
1.0053 111.297
1.0053 0
1.0053 0
1.0053 0
1.0053 0
1.0053 0
1.0053 0
1.0053 0
1.0053 5.13828e-321
1.0053 13.9
1.0053 9.49
1.0053 5.14322e-321
1.0053 10.31
1.0053 5.4
1.0053 12.89
1.0053 9.95
1.0053 8.01
1.0053 8.43
1.0053 8.58
1.0053 8.66
1.0053 8.73
1.0053 8.77
1.0053 8.81
1.0053 8.84
1.0053 8.86
1.0053 8.88
1.0053 8.9
1.0053 8.91
1.0053 8.93
1.0053 8.95
1.0053 8.95
1.0053 8.97
1.0053 8.97
1.0053 8.98
1.0053 8.99
1.0053 9
1.0053 9
1.0053 9.01
1.0053 9.02
1.0053 9.02
1.0053 9.03
1.0053 9.03
1.0053 9.03
1.0053 9.04
1.0053 9.05
1.0053 9.05
1.0053 9.05
1.00535 111.321
1.00535 111.323
1.00535 111.325
1.00535 111.327
1.00535 0
1.00535 0
1.00535 0
1.00535 0
1.00535 0
1.00535 0
1.00535 0
1.00535 5.13828e-321
1.00535 13.9
1.00535 9.49
1.00535 5.14322e-321
1.00535 10.31
1.00535 5.39
1.00535 12.9
1.00535 9.94
1.00535 8
1.00535 8.43
1.00535 8.58
1.00535 8.66
1.00535 8.73
1.00535 8.77
1.00535 8.81
1.00535 8.84
1.00535 8.86
1.00535 8.88
1.00535 8.9
1.00535 8.91
1.00535 8.93
1.00535 8.95
1.00535 8.95
1.00535 8.96
1.00535 8.97
1.00535 8.98
1.00535 8.98
1.00535 9
1.00535 9
1.00535 9
1.00535 9.01
1.00535 9.02
1.00535 9.02
1.00535 9.03
1.00535 9.03
1.00535 9.03
1.00535 9.03
1.00535 9.05
1.00535 9.05
1.0054 111.35
1.0054 111.352
1.0054 111.354
1.0054 111.356
1.0054 0
1.0054 0
1.0054 0
1.0054 0
1.0054 0
1.0054 0
1.0054 0
1.0054 5.13828e-321
1.0054 13.9
1.0054 9.49
1.0054 5.14322e-321
1.0054 10.31
1.0054 5.4
1.0054 12.9
1.0054 9.94
1.0054 7.99
1.0054 8.43
1.0054 8.58
1.0054 8.66
1.0054 8.72
1.0054 8.77
1.0054 8.8
1.0054 8.84
1.0054 8.86
1.0054 8.88
1.0054 8.9
1.0054 8.91
1.0054 8.93
1.0054 8.93
1.0054 8.95
1.0054 8.96
1.0054 8.97
1.0054 8.98
1.0054 8.98
1.0054 8.99
1.0054 9
1.0054 9
1.0054 9.01
1.0054 9.02
1.0054 9.02
1.0054 9.02
1.0054 9.03
1.0054 9.03
1.0054 9.03
1.0054 9.03
1.0054 9.05
1.00545 111.379
1.00545 111.381
1.00545 111.383
1.00545 111.386
1.00545 0
1.00545 0
1.00545 0
1.00545 0
1.00545 0
1.00545 0
1.00545 0
1.00545 5.13828e-321
1.00545 13.9
1.00545 9.49
1.00545 5.14322e-321
1.00545 10.31
1.00545 5.39
1.00545 12.91
1.00545 9.93
1.00545 7.98
1.00545 8.43
1.00545 8.57
1.00545 8.66
1.00545 8.72
1.00545 8.77
1.00545 8.8
1.00545 8.83
1.00545 8.86
1.00545 8.88
1.00545 8.89
1.00545 8.91
1.00545 8.93
1.00545 8.93
1.00545 8.95
1.00545 8.95
1.00545 8.97
1.00545 8.97
1.00545 8.98
1.00545 8.98
1.00545 9
1.00545 9
1.00545 9
1.00545 9.01
1.00545 9.02
1.00545 9.02
1.00545 9.02
1.00545 9.03
1.00545 9.03
1.00545 9.03
1.00545 9.03
1.0055 111.407
1.0055 111.409
1.0055 111.412
1.0055 111.415
1.0055 0
1.0055 0
1.0055 0
1.0055 0
1.0055 0
1.0055 0
1.0055 0
1.0055 5.13828e-321
1.0055 13.9
1.0055 9.49
1.0055 5.14322e-321
1.0055 10.31
1.0055 5.39
1.0055 12.92
1.0055 9.93
1.0055 7.97
1.0055 8.42
1.0055 8.57
1.0055 8.66
1.0055 8.72
1.0055 8.77
1.0055 8.8
1.0055 8.83
1.0055 8.86
1.0055 8.88
1.0055 8.89
1.0055 8.91
1.0055 8.92
1.0055 8.93
1.0055 8.95
1.0055 8.95
1.0055 8.96
1.0055 8.97
1.0055 8.98
1.0055 8.98
1.0055 8.99
1.0055 9
1.0055 9
1.0055 9
1.0055 9.01
1.0055 9.02
1.0055 9.02
1.0055 9.03
1.0055 9.03
1.0055 9.03
1.0055 9.03
1.00555 111.435
1.00555 111.438
1.00555 111.441
1.00555 111.444
1.00555 0
1.00555 0
1.00555 0
1.00555 0
1.00555 0
1.00555 0
1.00555 0
1.00555 5.13828e-321
1.00555 13.9
1.00555 9.49
1.00555 5.14322e-321
1.00555 10.31
1.00555 5.38
1.00555 12.93
1.00555 9.93
1.00555 7.95
1.00555 8.42
1.00555 8.57
1.00555 8.66
1.00555 8.72
1.00555 8.77
1.00555 8.8
1.00555 8.83
1.00555 8.86
1.00555 8.88
1.00555 8.89
1.00555 8.91
1.00555 8.92
1.00555 8.93
1.00555 8.95
1.00555 8.95
1.00555 8.96
1.00555 8.97
1.00555 8.98
1.00555 8.98
1.00555 8.98
1.00555 9
1.00555 9
1.00555 9
1.00555 9.01
1.00555 9.01
1.00555 9.02
1.00555 9.02
1.00555 9.03
1.00555 9.03
1.00555 9.03
1.0056 111.463
1.0056 111.466
1.0056 111.469
1.0056 111.473
1.0056 0
1.0056 0
1.0056 0
1.0056 0
1.0056 0
1.0056 0
1.0056 0
1.0056 5.13828e-321
1.0056 13.9
1.0056 9.49
1.0056 5.14322e-321
1.0056 10.31
1.0056 5.38
1.0056 12.93
1.0056 9.92
1.0056 7.94
1.0056 8.42
1.0056 8.57
1.0056 8.66
1.0056 8.72
1.0056 8.77
1.0056 8.8
1.0056 8.82
1.0056 8.85
1.0056 8.87
1.0056 8.89
1.0056 8.9
1.0056 8.91
1.0056 8.93
1.0056 8.93
1.0056 8.95
1.0056 8.95
1.0056 8.97
1.0056 8.97
1.0056 8.98
1.0056 8.98
1.0056 8.99
1.0056 9
1.0056 9
1.0056 9
1.0056 9.01
1.0056 9.01
1.0056 9.02
1.0056 9.02
1.0056 9.03
1.0056 9.03
1.00565 111.491
1.00565 111.494
1.00565 111.497
1.00565 111.501
1.00565 0
1.00565 0
1.00565 0
1.00565 0
1.00565 0
1.00565 0
1.00565 0
1.00565 5.13828e-321
1.00565 13.9
1.00565 9.49
1.00565 5.14322e-321
1.00565 10.31
1.00565 5.37
1.00565 12.95
1.00565 9.92
1.00565 7.94
1.00565 8.42
1.00565 8.57
1.00565 8.66
1.00565 8.72
1.00565 8.76
1.00565 8.79
1.00565 8.82
1.00565 8.84
1.00565 8.86
1.00565 8.88
1.00565 8.9
1.00565 8.91
1.00565 8.93
1.00565 8.93
1.00565 8.95
1.00565 8.95
1.00565 8.96
1.00565 8.97
1.00565 8.98
1.00565 8.98
1.00565 8.98
1.00565 9
1.00565 9
1.00565 9
1.00565 9
1.00565 9.01
1.00565 9.01
1.00565 9.01
1.00565 9.02
1.00565 9.02
1.0057 111.518
1.0057 111.521
1.0057 111.525
1.0057 111.529
1.0057 0
1.0057 0
1.0057 0
1.0057 0
1.0057 0
1.0057 0
1.0057 0
1.0057 5.13828e-321
1.0057 13.9
1.0057 9.49
1.0057 5.14322e-321
1.0057 10.31
1.0057 5.37
1.0057 12.95
1.0057 9.92
1.0057 7.92
1.0057 8.42
1.0057 8.57
1.0057 8.66
1.0057 8.72
1.0057 8.76
1.0057 8.79
1.0057 8.82
1.0057 8.84
1.0057 8.86
1.0057 8.88
1.0057 8.9
1.0057 8.91
1.0057 8.93
1.0057 8.93
1.0057 8.95
1.0057 8.95
1.0057 8.96
1.0057 8.97
1.0057 8.97
1.0057 8.98
1.0057 8.98
1.0057 8.98
1.0057 9
1.0057 9
1.0057 9
1.0057 9
1.0057 9.01
1.0057 9.01
1.0057 9.01
1.0057 9.01
1.00575 111.545
1.00575 111.549
1.00575 111.553
1.00575 111.557
1.00575 0
1.00575 0
1.00575 0
1.00575 0
1.00575 0
1.00575 0
1.00575 0
1.00575 5.13828e-321
1.00575 13.9
1.00575 9.49
1.00575 5.14322e-321
1.00575 10.31
1.00575 5.36
1.00575 12.95
1.00575 9.91
1.00575 7.91
1.00575 8.42
1.00575 8.57
1.00575 8.66
1.00575 8.72
1.00575 8.75
1.00575 8.79
1.00575 8.82
1.00575 8.84
1.00575 8.86
1.00575 8.88
1.00575 8.9
1.00575 8.91
1.00575 8.92
1.00575 8.93
1.00575 8.93
1.00575 8.95
1.00575 8.95
1.00575 8.96
1.00575 8.97
1.00575 8.98
1.00575 8.98
1.00575 8.98
1.00575 8.98
1.00575 9
1.00575 9
1.00575 9
1.00575 9
1.00575 9.01
1.00575 9.01
1.00575 9.01
1.0058 111.572
1.0058 111.576
1.0058 111.581
1.0058 111.585
1.0058 0
1.0058 0
1.0058 0
1.0058 0
1.0058 0
1.0058 0
1.0058 0
1.0058 5.13828e-321
1.0058 13.9
1.0058 9.49
1.0058 5.14322e-321
1.0058 10.32
1.0058 5.36
1.0058 12.97
1.0058 9.91
1.0058 7.91
1.0058 8.42
1.0058 8.57
1.0058 8.65
1.0058 8.71
1.0058 8.75
1.0058 8.79
1.0058 8.82
1.0058 8.84
1.0058 8.86
1.0058 8.88
1.0058 8.89
1.0058 8.91
1.0058 8.92
1.0058 8.93
1.0058 8.93
1.0058 8.95
1.0058 8.95
1.0058 8.96
1.0058 8.97
1.0058 8.97
1.0058 8.98
1.0058 8.98
1.0058 8.98
1.0058 8.99
1.0058 9
1.0058 9
1.0058 9
1.0058 9
1.0058 9.01
1.0058 9.01
1.00585 111.599
1.00585 111.603
1.00585 111.608
1.00585 111.613
1.00585 0
1.00585 0
1.00585 0
1.00585 0
1.00585 0
1.00585 0
1.00585 0
1.00585 5.13828e-321
1.00585 13.9
1.00585 9.49
1.00585 5.14322e-321
1.00585 10.32
1.00585 5.35
1.00585 12.97
1.00585 9.91
1.00585 7.89
1.00585 8.42
1.00585 8.57
1.00585 8.65
1.00585 8.71
1.00585 8.75
1.00585 8.79
1.00585 8.82
1.00585 8.84
1.00585 8.86
1.00585 8.88
1.00585 8.89
1.00585 8.9
1.00585 8.91
1.00585 8.93
1.00585 8.93
1.00585 8.95
1.00585 8.95
1.00585 8.95
1.00585 8.96
1.00585 8.97
1.00585 8.97
1.00585 8.98
1.00585 8.98
1.00585 8.98
1.00585 8.99
1.00585 9
1.00585 9
1.00585 9
1.00585 9
1.00585 9.01
1.0059 111.626
1.0059 111.63
1.0059 111.635
1.0059 111.64
1.0059 0
1.0059 0
1.0059 0
1.0059 0
1.0059 0
1.0059 0
1.0059 0
1.0059 5.13828e-321
1.0059 13.9
1.0059 9.49
1.0059 5.14322e-321
1.0059 10.32
1.0059 5.34
1.0059 12.98
1.0059 9.9
1.0059 7.88
1.0059 8.42
1.0059 8.57
1.0059 8.65
1.0059 8.71
1.0059 8.75
1.0059 8.79
1.0059 8.81
1.0059 8.84
1.0059 8.86
1.0059 8.88
1.0059 8.89
1.0059 8.9
1.0059 8.91
1.0059 8.92
1.0059 8.93
1.0059 8.93
1.0059 8.95
1.0059 8.95
1.0059 8.96
1.0059 8.96
1.0059 8.97
1.0059 8.98
1.0059 8.98
1.0059 8.98
1.0059 8.98
1.0059 8.99
1.0059 9
1.0059 9
1.0059 9
1.0059 9
1.00595 111.652
1.00595 111.657
1.00595 111.662
1.00595 111.667
1.00595 0
1.00595 0
1.00595 0
1.00595 0
1.00595 0
1.00595 0
1.00595 0
1.00595 5.13828e-321
1.00595 13.9
1.00595 9.49
1.00595 5.14322e-321
1.00595 10.32
1.00595 5.34
1.00595 12.99
1.00595 9.9
1.00595 7.88
1.00595 8.42
1.00595 8.57
1.00595 8.65
1.00595 8.7
1.00595 8.75
1.00595 8.79
1.00595 8.81
1.00595 8.84
1.00595 8.86
1.00595 8.88
1.00595 8.88
1.00595 8.9
1.00595 8.91
1.00595 8.92
1.00595 8.93
1.00595 8.93
1.00595 8.95
1.00595 8.95
1.00595 8.95
1.00595 8.96
1.00595 8.97
1.00595 8.97
1.00595 8.98
1.00595 8.98
1.00595 8.98
1.00595 8.98
1.00595 8.99
1.00595 8.99
1.00595 9
1.00595 9
1.006 111.678
1.006 111.683
1.006 111.688
1.006 111.694
1.006 0
1.006 0
1.006 0
1.006 0
1.006 0
1.006 0
1.006 0
1.006 5.13828e-321
1.006 13.9
1.006 9.49
1.006 5.14322e-321
1.006 10.32
1.006 5.33
1.006 12.99
1.006 9.9
1.006 7.86
1.006 8.42
1.006 8.57
1.006 8.65
1.006 8.7
1.006 8.75
1.006 8.79
1.006 8.81
1.006 8.83
1.006 8.86
1.006 8.86
1.006 8.88
1.006 8.9
1.006 8.91
1.006 8.91
1.006 8.93
1.006 8.93
1.006 8.94
1.006 8.95
1.006 8.95
1.006 8.96
1.006 8.96
1.006 8.97
1.006 8.97
1.006 8.98
1.006 8.98
1.006 8.98
1.006 8.98
1.006 8.99
1.006 8.99
1.006 8.99
1.00605 111.704
1.00605 111.709
1.00605 111.715
1.00605 111.72
1.00605 0
1.00605 0
1.00605 0
1.00605 0
1.00605 0
1.00605 0
1.00605 0
1.00605 5.13828e-321
1.00605 13.9
1.00605 9.49
1.00605 5.14322e-321
1.00605 10.32
1.00605 5.34
1.00605 13
1.00605 9.89
1.00605 7.86
1.00605 8.42
1.00605 8.56
1.00605 8.65
1.00605 8.7
1.00605 8.75
1.00605 8.79
1.00605 8.81
1.00605 8.83
1.00605 8.85
1.00605 8.86
1.00605 8.88
1.00605 8.89
1.00605 8.9
1.00605 8.91
1.00605 8.92
1.00605 8.93
1.00605 8.93
1.00605 8.95
1.00605 8.95
1.00605 8.95
1.00605 8.96
1.00605 8.96
1.00605 8.97
1.00605 8.98
1.00605 8.98
1.00605 8.98
1.00605 8.98
1.00605 8.98
1.00605 8.99
1.00605 8.99
1.0061 111.73
1.0061 111.735
1.0061 111.741
1.0061 111.747
1.0061 0
1.0061 0
1.0061 0
1.0061 0
1.0061 0
1.0061 0
1.0061 0
1.0061 5.13828e-321
1.0061 13.9
1.0061 9.49
1.0061 5.14322e-321
1.0061 10.32
1.0061 5.33
1.0061 13.01
1.0061 9.89
1.0061 7.85
1.0061 8.42
1.0061 8.56
1.0061 8.65
1.0061 8.7
1.0061 8.75
1.0061 8.78
1.0061 8.81
1.0061 8.83
1.0061 8.85
1.0061 8.86
1.0061 8.88
1.0061 8.89
1.0061 8.9
1.0061 8.91
1.0061 8.92
1.0061 8.93
1.0061 8.93
1.0061 8.94
1.0061 8.95
1.0061 8.95
1.0061 8.96
1.0061 8.96
1.0061 8.96
1.0061 8.97
1.0061 8.98
1.0061 8.98
1.0061 8.98
1.0061 8.98
1.0061 8.98
1.0061 8.98
1.00615 111.755
1.00615 111.761
1.00615 111.767
1.00615 111.773
1.00615 0
1.00615 0
1.00615 0
1.00615 0
1.00615 0
1.00615 0
1.00615 0
1.00615 5.13828e-321
1.00615 13.9
1.00615 9.49
1.00615 5.14322e-321
1.00615 10.32
1.00615 5.33
1.00615 13.01
1.00615 9.89
1.00615 7.84
1.00615 8.42
1.00615 8.56
1.00615 8.65
1.00615 8.7
1.00615 8.74
1.00615 8.77
1.00615 8.81
1.00615 8.83
1.00615 8.84
1.00615 8.86
1.00615 8.88
1.00615 8.89
1.00615 8.9
1.00615 8.91
1.00615 8.92
1.00615 8.93
1.00615 8.93
1.00615 8.93
1.00615 8.95
1.00615 8.95
1.00615 8.95
1.00615 8.96
1.00615 8.96
1.00615 8.96
1.00615 8.97
1.00615 8.98
1.00615 8.98
1.00615 8.98
1.00615 8.98
1.00615 8.98
1.0062 111.78
1.0062 111.786
1.0062 111.792
1.0062 111.798
1.0062 0
1.0062 0
1.0062 0
1.0062 0
1.0062 0
1.0062 0
1.0062 0
1.0062 5.13828e-321
1.0062 13.9
1.0062 9.49
1.0062 5.14322e-321
1.0062 10.32
1.0062 5.32
1.0062 13.02
1.0062 9.89
1.0062 7.83
1.0062 8.42
1.0062 8.56
1.0062 8.65
1.0062 8.7
1.0062 8.74
1.0062 8.77
1.0062 8.81
1.0062 8.83
1.0062 8.84
1.0062 8.86
1.0062 8.88
1.0062 8.88
1.0062 8.9
1.0062 8.91
1.0062 8.91
1.0062 8.92
1.0062 8.93
1.0062 8.93
1.0062 8.94
1.0062 8.95
1.0062 8.95
1.0062 8.95
1.0062 8.96
1.0062 8.96
1.0062 8.96
1.0062 8.96
1.0062 8.98
1.0062 8.98
1.0062 8.98
1.0062 8.98
1.00625 111.805
1.00625 111.811
1.00625 111.817
1.00625 111.824
1.00625 0
1.00625 0
1.00625 0
1.00625 0
1.00625 0
1.00625 0
1.00625 0
1.00625 5.13828e-321
1.00625 13.9
1.00625 9.49
1.00625 5.14322e-321
1.00625 10.32
1.00625 5.32
1.00625 13.03
1.00625 9.88
1.00625 7.82
1.00625 8.42
1.00625 8.56
1.00625 8.65
1.00625 8.7
1.00625 8.74
1.00625 8.77
1.00625 8.81
1.00625 8.82
1.00625 8.84
1.00625 8.86
1.00625 8.88
1.00625 8.88
1.00625 8.9
1.00625 8.9
1.00625 8.91
1.00625 8.92
1.00625 8.93
1.00625 8.93
1.00625 8.93
1.00625 8.94
1.00625 8.95
1.00625 8.95
1.00625 8.95
1.00625 8.96
1.00625 8.96
1.00625 8.96
1.00625 8.96
1.00625 8.96
1.00625 8.98
1.00625 8.98
1.0063 111.83
1.0063 111.836
1.0063 111.842
1.0063 111.849
1.0063 0
1.0063 0
1.0063 0
1.0063 0
1.0063 0
1.0063 0
1.0063 0
1.0063 5.13828e-321
1.0063 13.9
1.0063 9.49
1.0063 5.14322e-321
1.0063 10.32
1.0063 5.31
1.0063 13.03
1.0063 9.88
1.0063 7.82
1.0063 8.42
1.0063 8.56
1.0063 8.65
1.0063 8.7
1.0063 8.74
1.0063 8.77
1.0063 8.79
1.0063 8.82
1.0063 8.84
1.0063 8.86
1.0063 8.86
1.0063 8.88
1.0063 8.89
1.0063 8.9
1.0063 8.91
1.0063 8.91
1.0063 8.93
1.0063 8.93
1.0063 8.93
1.0063 8.93
1.0063 8.95
1.0063 8.95
1.0063 8.95
1.0063 8.96
1.0063 8.96
1.0063 8.96
1.0063 8.96
1.0063 8.96
1.0063 8.96
1.0063 8.97
1.00635 111.854
1.00635 111.861
1.00635 111.867
1.00635 111.874
1.00635 0
1.00635 0
1.00635 0
1.00635 0
1.00635 0
1.00635 0
1.00635 0
1.00635 5.13828e-321
1.00635 13.9
1.00635 9.49
1.00635 5.14322e-321
1.00635 10.32
1.00635 5.31
1.00635 13.04
1.00635 9.88
1.00635 7.8
1.00635 8.43
1.00635 8.56
1.00635 8.65
1.00635 8.7
1.00635 8.74
1.00635 8.77
1.00635 8.79
1.00635 8.82
1.00635 8.84
1.00635 8.85
1.00635 8.86
1.00635 8.88
1.00635 8.89
1.00635 8.9
1.00635 8.91
1.00635 8.91
1.00635 8.92
1.00635 8.93
1.00635 8.93
1.00635 8.93
1.00635 8.94
1.00635 8.95
1.00635 8.95
1.00635 8.95
1.00635 8.96
1.00635 8.96
1.00635 8.96
1.00635 8.96
1.00635 8.96
1.00635 8.96
1.0064 111.878
1.0064 111.885
1.0064 111.892
1.0064 111.899
1.0064 0
1.0064 0
1.0064 0
1.0064 0
1.0064 0
1.0064 0
1.0064 0
1.0064 5.13828e-321
1.0064 13.9
1.0064 9.49
1.0064 5.14322e-321
1.0064 10.32
1.0064 5.3
1.0064 13.05
1.0064 9.88
1.0064 7.8
1.0064 8.43
1.0064 8.56
1.0064 8.65
1.0064 8.7
1.0064 8.74
1.0064 8.77
1.0064 8.79
1.0064 8.81
1.0064 8.83
1.0064 8.85
1.0064 8.86
1.0064 8.88
1.0064 8.88
1.0064 8.9
1.0064 8.9
1.0064 8.91
1.0064 8.91
1.0064 8.93
1.0064 8.93
1.0064 8.93
1.0064 8.93
1.0064 8.94
1.0064 8.95
1.0064 8.95
1.0064 8.95
1.0064 8.96
1.0064 8.96
1.0064 8.96
1.0064 8.96
1.0064 8.96
1.00645 111.902
1.00645 111.909
1.00645 111.916
1.00645 111.923
1.00645 0
1.00645 0
1.00645 0
1.00645 0
1.00645 0
1.00645 0
1.00645 0
1.00645 5.13828e-321
1.00645 13.9
1.00645 9.49
1.00645 5.14322e-321
1.00645 10.32
1.00645 5.3
1.00645 13.06
1.00645 9.87
1.00645 7.79
1.00645 8.43
1.00645 8.56
1.00645 8.65
1.00645 8.7
1.00645 8.74
1.00645 8.77
1.00645 8.79
1.00645 8.81
1.00645 8.83
1.00645 8.85
1.00645 8.86
1.00645 8.88
1.00645 8.88
1.00645 8.89
1.00645 8.9
1.00645 8.91
1.00645 8.91
1.00645 8.92
1.00645 8.93
1.00645 8.93
1.00645 8.93
1.00645 8.93
1.00645 8.94
1.00645 8.94
1.00645 8.95
1.00645 8.95
1.00645 8.95
1.00645 8.96
1.00645 8.96
1.00645 8.96
1.0065 111.926
1.0065 111.933
1.0065 111.94
1.0065 111.947
1.0065 0
1.0065 0
1.0065 0
1.0065 0
1.0065 0
1.0065 0
1.0065 0
1.0065 5.13828e-321
1.0065 13.9
1.0065 9.49
1.0065 5.14322e-321
1.0065 10.32
1.0065 5.29
1.0065 13.06
1.0065 9.87
1.0065 7.79
1.0065 8.43
1.0065 8.56
1.0065 8.65
1.0065 8.7
1.0065 8.74
1.0065 8.77
1.0065 8.79
1.0065 8.81
1.0065 8.83
1.0065 8.85
1.0065 8.86
1.0065 8.87
1.0065 8.88
1.0065 8.89
1.0065 8.9
1.0065 8.9
1.0065 8.91
1.0065 8.91
1.0065 8.92
1.0065 8.93
1.0065 8.93
1.0065 8.93
1.0065 8.93
1.0065 8.94
1.0065 8.94
1.0065 8.94
1.0065 8.95
1.0065 8.95
1.0065 8.96
1.0065 8.96
1.00655 111.949
1.00655 111.956
1.00655 111.963
1.00655 111.971
1.00655 0
1.00655 0
1.00655 0
1.00655 0
1.00655 0
1.00655 0
1.00655 0
1.00655 5.13828e-321
1.00655 13.9
1.00655 9.49
1.00655 5.14322e-321
1.00655 10.32
1.00655 5.28
1.00655 13.06
1.00655 9.87
1.00655 7.77
1.00655 8.43
1.00655 8.56
1.00655 8.65
1.00655 8.7
1.00655 8.74
1.00655 8.77
1.00655 8.79
1.00655 8.81
1.00655 8.83
1.00655 8.84
1.00655 8.86
1.00655 8.86
1.00655 8.88
1.00655 8.88
1.00655 8.9
1.00655 8.9
1.00655 8.91
1.00655 8.91
1.00655 8.91
1.00655 8.93
1.00655 8.93
1.00655 8.93
1.00655 8.93
1.00655 8.93
1.00655 8.94
1.00655 8.94
1.00655 8.94
1.00655 8.94
1.00655 8.95
1.00655 8.96
1.0066 111.972
1.0066 111.98
1.0066 111.987
1.0066 111.994
1.0066 0
1.0066 0
1.0066 0
1.0066 0
1.0066 0
1.0066 0
1.0066 0
1.0066 5.13828e-321
1.0066 13.9
1.0066 9.49
1.0066 5.14322e-321
1.0066 10.32
1.0066 5.28
1.0066 13.08
1.0066 9.87
1.0066 7.77
1.0066 8.43
1.0066 8.56
1.0066 8.63
1.0066 8.69
1.0066 8.74
1.0066 8.76
1.0066 8.79
1.0066 8.81
1.0066 8.83
1.0066 8.84
1.0066 8.86
1.0066 8.86
1.0066 8.88
1.0066 8.88
1.0066 8.89
1.0066 8.9
1.0066 8.9
1.0066 8.91
1.0066 8.91
1.0066 8.92
1.0066 8.93
1.0066 8.93
1.0066 8.93
1.0066 8.93
1.0066 8.93
1.0066 8.94
1.0066 8.94
1.0066 8.94
1.0066 8.94
1.0066 8.94
1.00665 111.995
1.00665 112.003
1.00665 112.01
1.00665 112.018
1.00665 0
1.00665 0
1.00665 0
1.00665 0
1.00665 0
1.00665 0
1.00665 0
1.00665 5.13828e-321
1.00665 13.9
1.00665 9.49
1.00665 5.14322e-321
1.00665 10.32
1.00665 5.28
1.00665 13.08
1.00665 9.87
1.00665 7.77
1.00665 8.43
1.00665 8.56
1.00665 8.63
1.00665 8.69
1.00665 8.73
1.00665 8.76
1.00665 8.79
1.00665 8.81
1.00665 8.83
1.00665 8.84
1.00665 8.85
1.00665 8.86
1.00665 8.88
1.00665 8.88
1.00665 8.89
1.00665 8.9
1.00665 8.9
1.00665 8.91
1.00665 8.91
1.00665 8.91
1.00665 8.92
1.00665 8.93
1.00665 8.93
1.00665 8.93
1.00665 8.93
1.00665 8.93
1.00665 8.94
1.00665 8.94
1.00665 8.94
1.00665 8.94
1.0067 112.018
1.0067 112.025
1.0067 112.033
1.0067 112.041
1.0067 0
1.0067 0
1.0067 0
1.0067 0
1.0067 0
1.0067 0
1.0067 0
1.0067 5.13828e-321
1.0067 13.9
1.0067 9.49
1.0067 5.14322e-321
1.0067 10.32
1.0067 5.28
1.0067 13.08
1.0067 9.87
1.0067 7.76
1.0067 8.43
1.0067 8.56
1.0067 8.63
1.0067 8.69
1.0067 8.72
1.0067 8.76
1.0067 8.79
1.0067 8.81
1.0067 8.83
1.0067 8.84
1.0067 8.85
1.0067 8.86
1.0067 8.87
1.0067 8.88
1.0067 8.88
1.0067 8.89
1.0067 8.9
1.0067 8.9
1.0067 8.91
1.0067 8.91
1.0067 8.91
1.0067 8.92
1.0067 8.93
1.0067 8.93
1.0067 8.93
1.0067 8.93
1.0067 8.93
1.0067 8.94
1.0067 8.94
1.0067 8.94
1.00675 112.04
1.00675 112.048
1.00675 112.056
1.00675 112.063
1.00675 0
1.00675 0
1.00675 0
1.00675 0
1.00675 0
1.00675 0
1.00675 0
1.00675 5.13828e-321
1.00675 13.9
1.00675 9.49
1.00675 5.14322e-321
1.00675 10.32
1.00675 5.27
1.00675 13.09
1.00675 9.86
1.00675 7.76
1.00675 8.43
1.00675 8.56
1.00675 8.63
1.00675 8.69
1.00675 8.72
1.00675 8.76
1.00675 8.78
1.00675 8.81
1.00675 8.82
1.00675 8.83
1.00675 8.85
1.00675 8.86
1.00675 8.86
1.00675 8.88
1.00675 8.88
1.00675 8.89
1.00675 8.9
1.00675 8.9
1.00675 8.91
1.00675 8.91
1.00675 8.91
1.00675 8.91
1.00675 8.91
1.00675 8.93
1.00675 8.93
1.00675 8.93
1.00675 8.93
1.00675 8.93
1.00675 8.93
1.00675 8.94
1.0068 112.063
1.0068 112.07
1.0068 112.078
1.0068 112.086
1.0068 0
1.0068 0
1.0068 0
1.0068 0
1.0068 0
1.0068 0
1.0068 0
1.0068 5.13828e-321
1.0068 13.9
1.0068 9.49
1.0068 5.14322e-321
1.0068 10.32
1.0068 5.27
1.0068 13.09
1.0068 9.86
1.0068 7.74
1.0068 8.43
1.0068 8.56
1.0068 8.63
1.0068 8.69
1.0068 8.72
1.0068 8.76
1.0068 8.78
1.0068 8.8
1.0068 8.81
1.0068 8.83
1.0068 8.84
1.0068 8.86
1.0068 8.86
1.0068 8.88
1.0068 8.88
1.0068 8.88
1.0068 8.89
1.0068 8.9
1.0068 8.9
1.0068 8.91
1.0068 8.91
1.0068 8.91
1.0068 8.91
1.0068 8.91
1.0068 8.92
1.0068 8.93
1.0068 8.93
1.0068 8.93
1.0068 8.93
1.0068 8.93
1.00685 112.085
1.00685 112.092
1.00685 112.1
1.00685 112.108
1.00685 0
1.00685 0
1.00685 0
1.00685 0
1.00685 0
1.00685 0
1.00685 0
1.00685 5.13828e-321
1.00685 13.9
1.00685 9.49
1.00685 5.14322e-321
1.00685 10.32
1.00685 5.26
1.00685 13.1
1.00685 9.86
1.00685 7.74
1.00685 8.43
1.00685 8.56
1.00685 8.63
1.00685 8.69
1.00685 8.72
1.00685 8.76
1.00685 8.78
1.00685 8.8
1.00685 8.81
1.00685 8.83
1.00685 8.84
1.00685 8.85
1.00685 8.86
1.00685 8.87
1.00685 8.88
1.00685 8.88
1.00685 8.89
1.00685 8.9
1.00685 8.9
1.00685 8.9
1.00685 8.91
1.00685 8.91
1.00685 8.91
1.00685 8.91
1.00685 8.91
1.00685 8.92
1.00685 8.92
1.00685 8.92
1.00685 8.93
1.00685 8.93
1.0069 112.106
1.0069 112.114
1.0069 112.122
1.0069 112.13
1.0069 0
1.0069 0
1.0069 0
1.0069 0
1.0069 0
1.0069 0
1.0069 0
1.0069 5.13828e-321
1.0069 13.9
1.0069 9.49
1.0069 5.14322e-321
1.0069 10.32
1.0069 5.26
1.0069 13.11
1.0069 9.86
1.0069 7.74
1.0069 8.43
1.0069 8.56
1.0069 8.63
1.0069 8.69
1.0069 8.72
1.0069 8.76
1.0069 8.78
1.0069 8.79
1.0069 8.81
1.0069 8.83
1.0069 8.84
1.0069 8.85
1.0069 8.86
1.0069 8.86
1.0069 8.88
1.0069 8.88
1.0069 8.88
1.0069 8.89
1.0069 8.9
1.0069 8.9
1.0069 8.9
1.0069 8.91
1.0069 8.91
1.0069 8.91
1.0069 8.91
1.0069 8.91
1.0069 8.92
1.0069 8.92
1.0069 8.92
1.0069 8.92
1.00695 112.128
1.00695 112.136
1.00695 112.144
1.00695 112.152
1.00695 0
1.00695 0
1.00695 0
1.00695 0
1.00695 0
1.00695 0
1.00695 0
1.00695 5.13828e-321
1.00695 13.9
1.00695 9.49
1.00695 5.14322e-321
1.00695 10.32
1.00695 5.25
1.00695 13.11
1.00695 9.86
1.00695 7.73
1.00695 8.43
1.00695 8.56
1.00695 8.63
1.00695 8.69
1.00695 8.72
1.00695 8.75
1.00695 8.78
1.00695 8.79
1.00695 8.81
1.00695 8.83
1.00695 8.84
1.00695 8.85
1.00695 8.86
1.00695 8.86
1.00695 8.88
1.00695 8.88
1.00695 8.88
1.00695 8.89
1.00695 8.89
1.00695 8.9
1.00695 8.9
1.00695 8.91
1.00695 8.91
1.00695 8.91
1.00695 8.91
1.00695 8.91
1.00695 8.91
1.00695 8.91
1.00695 8.92
1.00695 8.92
1.007 112.149
1.007 112.157
1.007 112.165
1.007 112.173
1.007 0
1.007 0
1.007 0
1.007 0
1.007 0
1.007 0
1.007 0
1.007 5.13828e-321
1.007 13.9
1.007 9.49
1.007 5.14322e-321
1.007 10.33
1.007 5.24
1.007 13.12
1.007 9.86
1.007 7.73
1.007 8.43
1.007 8.56
1.007 8.63
1.007 8.68
1.007 8.72
1.007 8.75
1.007 8.77
1.007 8.79
1.007 8.81
1.007 8.83
1.007 8.83
1.007 8.85
1.007 8.85
1.007 8.86
1.007 8.86
1.007 8.88
1.007 8.88
1.007 8.88
1.007 8.89
1.007 8.89
1.007 8.9
1.007 8.9
1.007 8.91
1.007 8.91
1.007 8.91
1.007 8.91
1.007 8.91
1.007 8.91
1.007 8.91
1.007 8.92
1.00705 112.17
1.00705 112.178
1.00705 112.186
1.00705 112.194
1.00705 0
1.00705 0
1.00705 0
1.00705 0
1.00705 0
1.00705 0
1.00705 0
1.00705 5.13828e-321
1.00705 13.9
1.00705 9.49
1.00705 5.14322e-321
1.00705 10.33
1.00705 5.24
1.00705 13.12
1.00705 9.86
1.00705 7.73
1.00705 8.43
1.00705 8.56
1.00705 8.63
1.00705 8.68
1.00705 8.72
1.00705 8.74
1.00705 8.77
1.00705 8.79
1.00705 8.81
1.00705 8.82
1.00705 8.83
1.00705 8.84
1.00705 8.85
1.00705 8.86
1.00705 8.86
1.00705 8.88
1.00705 8.88
1.00705 8.88
1.00705 8.88
1.00705 8.89
1.00705 8.89
1.00705 8.89
1.00705 8.9
1.00705 8.9
1.00705 8.91
1.00705 8.91
1.00705 8.91
1.00705 8.91
1.00705 8.91
1.00705 8.91
1.0071 112.19
1.0071 112.199
1.0071 112.207
1.0071 112.215
1.0071 0
1.0071 0
1.0071 0
1.0071 0
1.0071 0
1.0071 0
1.0071 0
1.0071 5.13828e-321
1.0071 13.9
1.0071 9.49
1.0071 5.14322e-321
1.0071 10.33
1.0071 5.23
1.0071 13.12
1.0071 9.85
1.0071 7.73
1.0071 8.43
1.0071 8.56
1.0071 8.63
1.0071 8.68
1.0071 8.72
1.0071 8.74
1.0071 8.77
1.0071 8.79
1.0071 8.81
1.0071 8.81
1.0071 8.83
1.0071 8.84
1.0071 8.85
1.0071 8.86
1.0071 8.86
1.0071 8.86
1.0071 8.88
1.0071 8.88
1.0071 8.88
1.0071 8.88
1.0071 8.89
1.0071 8.89
1.0071 8.89
1.0071 8.89
1.0071 8.9
1.0071 8.91
1.0071 8.91
1.0071 8.91
1.0071 8.91
1.0071 8.91
1.00715 112.211
1.00715 112.219
1.00715 112.228
1.00715 112.236
1.00715 0
1.00715 0
1.00715 0
1.00715 0
1.00715 0
1.00715 0
1.00715 0
1.00715 5.13828e-321
1.00715 13.9
1.00715 9.49
1.00715 5.14322e-321
1.00715 10.33
1.00715 5.23
1.00715 13.14
1.00715 9.85
1.00715 7.71
1.00715 8.43
1.00715 8.56
1.00715 8.63
1.00715 8.68
1.00715 8.72
1.00715 8.74
1.00715 8.77
1.00715 8.79
1.00715 8.81
1.00715 8.81
1.00715 8.83
1.00715 8.84
1.00715 8.85
1.00715 8.85
1.00715 8.86
1.00715 8.86
1.00715 8.88
1.00715 8.88
1.00715 8.88
1.00715 8.88
1.00715 8.89
1.00715 8.89
1.00715 8.89
1.00715 8.89
1.00715 8.89
1.00715 8.89
1.00715 8.9
1.00715 8.91
1.00715 8.91
1.00715 8.91
1.0072 112.231
1.0072 112.239
1.0072 112.248
1.0072 112.256
1.0072 0
1.0072 0
1.0072 0
1.0072 0
1.0072 0
1.0072 0
1.0072 0
1.0072 5.13828e-321
1.0072 13.9
1.0072 9.49
1.0072 5.14322e-321
1.0072 10.33
1.0072 5.23
1.0072 13.14
1.0072 9.85
1.0072 7.71
1.0072 8.43
1.0072 8.56
1.0072 8.63
1.0072 8.67
1.0072 8.72
1.0072 8.74
1.0072 8.76
1.0072 8.78
1.0072 8.8
1.0072 8.81
1.0072 8.83
1.0072 8.83
1.0072 8.84
1.0072 8.85
1.0072 8.86
1.0072 8.86
1.0072 8.86
1.0072 8.88
1.0072 8.88
1.0072 8.88
1.0072 8.88
1.0072 8.89
1.0072 8.89
1.0072 8.89
1.0072 8.89
1.0072 8.89
1.0072 8.89
1.0072 8.89
1.0072 8.9
1.0072 8.9
1.00725 112.251
1.00725 112.26
1.00725 112.268
1.00725 112.277
1.00725 0
1.00725 0
1.00725 0
1.00725 0
1.00725 0
1.00725 0
1.00725 0
1.00725 5.13828e-321
1.00725 13.9
1.00725 9.49
1.00725 5.14322e-321
1.00725 10.33
1.00725 5.23
1.00725 13.14
1.00725 9.85
1.00725 7.71
1.00725 8.43
1.00725 8.56
1.00725 8.63
1.00725 8.67
1.00725 8.71
1.00725 8.74
1.00725 8.76
1.00725 8.78
1.00725 8.8
1.00725 8.81
1.00725 8.83
1.00725 8.83
1.00725 8.84
1.00725 8.85
1.00725 8.86
1.00725 8.86
1.00725 8.86
1.00725 8.86
1.00725 8.88
1.00725 8.88
1.00725 8.88
1.00725 8.88
1.00725 8.89
1.00725 8.89
1.00725 8.89
1.00725 8.89
1.00725 8.89
1.00725 8.89
1.00725 8.89
1.00725 8.89
