-46.8657 112.251
-46.8483 112.26
-46.8302 112.268
-46.8114 112.277
0 0
0 0
0 0
0 0
0 0
0 0
0 0
1.43081e-320 5.13828e-321
10.27 13.9
5.86 9.49
1.45453e-320 5.14322e-321
-992.11 10.33
14.56 5.23
8.88 13.14
6.16 9.85
10.98 7.71
10.7 8.43
10.34 8.56
10.25 8.63
10.2 8.67
10.16 8.71
10.12 8.74
10.1 8.76
10.08 8.78
10.06 8.8
10.04 8.81
10.03 8.83
10.02 8.83
10.01 8.84
10.01 8.85
9.99 8.86
9.99 8.86
9.99 8.86
9.99 8.86
9.98 8.88
9.97 8.88
9.97 8.88
9.97 8.88
9.96 8.89
9.96 8.89
9.96 8.89
9.96 8.89
9.96 8.89
9.96 8.89
9.96 8.89
9.96 8.89
